1.389950e+08 0.992006 0.991711 0.948612 0.946800 0.985377 0.982449 0.970263 0.963885
1.390750e+08 0.991970 0.991693 0.949083 0.947308 0.985575 0.982778 0.970536 0.964292
1.391550e+08 0.991925 0.991666 0.949540 0.947803 0.985760 0.983094 0.970798 0.964687
1.392350e+08 0.991871 0.991628 0.949984 0.948287 0.985932 0.983396 0.971050 0.965070
1.393150e+08 0.991809 0.991581 0.950416 0.948759 0.986092 0.983686 0.971292 0.965441
1.393950e+08 0.991739 0.991526 0.950836 0.949220 0.986241 0.983964 0.971526 0.965800
1.394750e+08 0.991662 0.991462 0.951245 0.949671 0.986379 0.984230 0.971751 0.966149
1.395550e+08 0.991579 0.991389 0.951642 0.950111 0.986508 0.984485 0.971968 0.966487
1.396350e+08 0.991489 0.991310 0.952029 0.950542 0.986627 0.984729 0.972178 0.966815
1.397150e+08 0.991393 0.991223 0.952406 0.950963 0.986738 0.984963 0.972382 0.967135
1.397950e+08 0.991292 0.991130 0.952773 0.951375 0.986840 0.985188 0.972579 0.967445
1.398750e+08 0.991186 0.991032 0.953131 0.951780 0.986935 0.985404 0.972772 0.967747
1.399550e+08 0.991076 0.990927 0.953481 0.952176 0.987024 0.985610 0.972959 0.968041
1.400350e+08 0.990962 0.990818 0.953822 0.952565 0.987107 0.985809 0.973142 0.968328
1.401150e+08 0.990846 0.990705 0.954157 0.952947 0.987184 0.986001 0.973322 0.968609
1.401950e+08 0.990726 0.990588 0.954484 0.953323 0.987257 0.986186 0.973499 0.968884
1.402750e+08 0.990605 0.990467 0.954805 0.953693 0.987326 0.986364 0.973674 0.969153
1.403550e+08 0.990482 0.990344 0.955121 0.954058 0.987392 0.986537 0.973846 0.969417
1.404350e+08 0.990357 0.990219 0.955431 0.954418 0.987455 0.986704 0.974018 0.969676
1.405150e+08 0.990233 0.990092 0.955737 0.954774 0.987517 0.986867 0.974190 0.969932
1.405950e+08 0.990109 0.989965 0.956039 0.955126 0.987578 0.987026 0.974361 0.970185
1.406750e+08 0.989985 0.989837 0.956338 0.955475 0.987638 0.987182 0.974533 0.970435
1.407550e+08 0.989862 0.989709 0.956634 0.955821 0.987699 0.987334 0.974707 0.970683
1.408350e+08 0.989741 0.989581 0.956928 0.956166 0.987761 0.987485 0.974882 0.970930
1.409150e+08 0.989623 0.989455 0.957220 0.956508 0.987824 0.987634 0.975060 0.971176
1.409950e+08 0.989507 0.989331 0.957511 0.956850 0.987890 0.987782 0.975241 0.971421
1.410750e+08 0.989394 0.989209 0.957802 0.957191 0.987959 0.987929 0.975426 0.971667
1.411550e+08 0.989285 0.989089 0.958093 0.957533 0.988032 0.988077 0.975615 0.971913
1.412350e+08 0.989181 0.988974 0.958384 0.957875 0.988108 0.988225 0.975809 0.972161
1.413150e+08 0.989081 0.988862 0.958678 0.958218 0.988190 0.988374 0.976008 0.972411
1.413950e+08 0.988986 0.988754 0.958972 0.958562 0.988278 0.988526 0.976213 0.972663
1.414750e+08 0.988897 0.988652 0.959270 0.958909 0.988372 0.988679 0.976424 0.972918
1.415550e+08 0.988815 0.988555 0.959570 0.959258 0.988472 0.988836 0.976642 0.973176
1.416350e+08 0.988739 0.988464 0.959874 0.959610 0.988580 0.988996 0.976867 0.973439
1.417150e+08 0.988670 0.988379 0.960182 0.959966 0.988695 0.989160 0.977100 0.973706
1.417950e+08 0.988609 0.988301 0.960494 0.960326 0.988820 0.989328 0.977341 0.973978
1.418750e+08 0.988555 0.988231 0.960812 0.960690 0.988953 0.989501 0.977591 0.974255
1.419550e+08 0.988510 0.988168 0.961135 0.961059 0.989095 0.989680 0.977850 0.974538
1.420350e+08 0.988474 0.988113 0.961464 0.961434 0.989248 0.989864 0.978118 0.974828
1.421150e+08 0.988446 0.988067 0.961799 0.961814 0.989410 0.990055 0.978395 0.975124
1.421950e+08 0.988428 0.988030 0.962142 0.962200 0.989584 0.990252 0.978683 0.975427
1.422750e+08 0.988420 0.988003 0.962492 0.962593 0.989769 0.990457 0.978982 0.975738
1.423550e+08 0.988422 0.987985 0.962849 0.962992 0.989965 0.990669 0.979291 0.976057
1.424350e+08 0.988435 0.987977 0.963215 0.963399 0.990174 0.990889 0.979611 0.976384
1.425150e+08 0.988458 0.987979 0.963589 0.963813 0.990395 0.991118 0.979943 0.976720
1.425950e+08 0.988492 0.987993 0.963973 0.964235 0.990628 0.991355 0.980285 0.977065
1.426750e+08 0.988537 0.988017 0.964365 0.964665 0.990875 0.991601 0.980640 0.977419
1.427550e+08 0.988593 0.988053 0.964767 0.965104 0.991134 0.991856 0.981007 0.977782
1.428350e+08 0.988662 0.988100 0.965179 0.965551 0.991408 0.992121 0.981386 0.978156
1.429150e+08 0.988742 0.988159 0.965601 0.966007 0.991694 0.992396 0.981777 0.978539
1.429950e+08 0.988834 0.988230 0.966033 0.966472 0.991995 0.992681 0.982180 0.978933
1.430750e+08 0.988938 0.988313 0.966476 0.966947 0.992309 0.992976 0.982596 0.979337
1.431550e+08 0.989054 0.988408 0.966930 0.967431 0.992638 0.993281 0.983024 0.979752
1.432350e+08 0.989183 0.988516 0.967395 0.967925 0.992981 0.993597 0.983465 0.980177
1.433150e+08 0.989324 0.988637 0.967871 0.968428 0.993338 0.993924 0.983919 0.980614
1.433950e+08 0.989477 0.988770 0.968358 0.968942 0.993710 0.994262 0.984385 0.981061
1.434750e+08 0.989643 0.988916 0.968857 0.969465 0.994096 0.994610 0.984864 0.981520
1.435550e+08 0.989822 0.989076 0.969368 0.969999 0.994496 0.994970 0.985355 0.981989
1.436350e+08 0.990013 0.989247 0.969890 0.970542 0.994911 0.995341 0.985859 0.982470
1.437150e+08 0.990216 0.989432 0.970423 0.971096 0.995340 0.995723 0.986375 0.982963
1.437950e+08 0.990433 0.989630 0.970968 0.971660 0.995783 0.996117 0.986903 0.983466
1.438750e+08 0.990661 0.989841 0.971525 0.972234 0.996240 0.996521 0.987444 0.983981
1.439550e+08 0.990902 0.990065 0.972094 0.972818 0.996711 0.996936 0.987996 0.984506
1.440350e+08 0.991155 0.990301 0.972674 0.973412 0.997196 0.997363 0.988560 0.985043
1.441150e+08 0.991419 0.990550 0.973266 0.974015 0.997694 0.997800 0.989135 0.985591
1.441950e+08 0.991696 0.990812 0.973869 0.974629 0.998205 0.998248 0.989722 0.986150
1.442750e+08 0.991985 0.991086 0.974483 0.975252 0.998730 0.998707 0.990320 0.986719
1.443550e+08 0.992285 0.991373 0.975109 0.975885 0.999267 0.999177 0.990929 0.987299
1.444350e+08 0.992596 0.991672 0.975746 0.976527 0.999816 0.999656 0.991547 0.987889
1.445150e+08 0.992918 0.991982 0.976393 0.977179 1.000378 1.000146 0.992176 0.988490
1.445950e+08 0.993252 0.992304 0.977051 0.977839 1.000951 1.000645 0.992815 0.989100
1.446750e+08 0.993595 0.992638 0.977719 0.978508 1.001535 1.001155 0.993463 0.989720
1.447550e+08 0.993949 0.992983 0.978397 0.979185 1.002131 1.001673 0.994120 0.990349
1.448350e+08 0.994313 0.993339 0.979085 0.979871 1.002737 1.002201 0.994785 0.990987
1.449150e+08 0.994686 0.993705 0.979783 0.980564 1.003352 1.002737 0.995458 0.991634
1.449950e+08 0.995069 0.994082 0.980490 0.981265 1.003978 1.003281 0.996139 0.992289
1.450750e+08 0.995461 0.994469 0.981205 0.981973 1.004612 1.003834 0.996828 0.992953
1.451550e+08 0.995861 0.994865 0.981929 0.982688 1.005254 1.004394 0.997522 0.993624
1.452350e+08 0.996269 0.995271 0.982661 0.983410 1.005905 1.004961 0.998223 0.994302
1.453150e+08 0.996685 0.995686 0.983401 0.984137 1.006563 1.005536 0.998930 0.994988
1.453950e+08 0.997108 0.996109 0.984147 0.984871 1.007228 1.006116 0.999642 0.995679
1.454750e+08 0.997538 0.996540 0.984901 0.985609 1.007899 1.006703 1.000358 0.996377
1.455550e+08 0.997974 0.996978 0.985661 0.986352 1.008575 1.007294 1.001079 0.997080
1.456350e+08 0.998417 0.997424 0.986426 0.987100 1.009257 1.007891 1.001803 0.997788
1.457150e+08 0.998864 0.997876 0.987197 0.987852 1.009943 1.008492 1.002529 0.998501
1.457950e+08 0.999317 0.998335 0.987973 0.988607 1.010632 1.009098 1.003258 0.999218
1.458750e+08 0.999774 0.998799 0.988753 0.989365 1.011325 1.009706 1.003989 0.999938
1.459550e+08 1.000235 0.999269 0.989537 0.990126 1.012019 1.010318 1.004721 1.000661
1.460350e+08 1.000700 0.999743 0.990324 0.990889 1.012716 1.010932 1.005453 1.001387
1.461150e+08 1.001168 1.000222 0.991114 0.991653 1.013413 1.011547 1.006185 1.002115
1.461950e+08 1.001638 1.000704 0.991906 0.992418 1.014111 1.012164 1.006916 1.002844
1.462750e+08 1.002109 1.001190 0.992700 0.993184 1.014808 1.012782 1.007646 1.003574
1.463550e+08 1.002583 1.001678 0.993494 0.993949 1.015504 1.013399 1.008374 1.004304
1.464350e+08 1.003057 1.002168 0.994289 0.994714 1.016198 1.014016 1.009099 1.005034
1.465150e+08 1.003531 1.002660 0.995084 0.995478 1.016890 1.014632 1.009820 1.005763
1.465950e+08 1.004005 1.003152 0.995878 0.996239 1.017578 1.015247 1.010538 1.006490
1.466750e+08 1.004478 1.003645 0.996670 0.996999 1.018262 1.015858 1.011251 1.007216
1.467550e+08 1.004950 1.004138 0.997460 0.997756 1.018941 1.016467 1.011959 1.007938
1.468350e+08 1.005420 1.004630 0.998248 0.998509 1.019615 1.017073 1.012661 1.008658
1.469150e+08 1.005887 1.005121 0.999033 0.999258 1.020283 1.017674 1.013357 1.009373
1.469950e+08 1.006351 1.005610 0.999813 1.000003 1.020944 1.018271 1.014045 1.010084
1.470750e+08 1.006812 1.006097 1.000589 1.000743 1.021597 1.018862 1.014726 1.010790
1.471550e+08 1.007269 1.006580 1.001360 1.001477 1.022242 1.019448 1.015398 1.011490
1.472350e+08 1.007721 1.007060 1.002126 1.002205 1.022878 1.020026 1.016061 1.012184
1.473150e+08 1.008168 1.007536 1.002884 1.002926 1.023504 1.020598 1.016715 1.012871
1.473950e+08 1.008609 1.008008 1.003636 1.003639 1.024119 1.021162 1.017358 1.013550
1.474750e+08 1.009044 1.008474 1.004381 1.004346 1.024724 1.021718 1.017991 1.014222
1.475550e+08 1.009472 1.008934 1.005117 1.005043 1.025317 1.022265 1.018613 1.014885
1.476350e+08 1.009893 1.009388 1.005845 1.005732 1.025898 1.022802 1.019222 1.015538
1.477150e+08 1.010306 1.009836 1.006564 1.006411 1.026465 1.023330 1.019819 1.016182
1.477950e+08 1.010711 1.010275 1.007272 1.007081 1.027019 1.023847 1.020403 1.016816
1.478750e+08 1.011107 1.010708 1.007970 1.007740 1.027559 1.024353 1.020974 1.017439
1.479550e+08 1.011495 1.011131 1.008658 1.008389 1.028085 1.024847 1.021531 1.018051
1.480350e+08 1.011872 1.011546 1.009334 1.009026 1.028594 1.025329 1.022073 1.018650
1.481150e+08 1.012240 1.011952 1.009997 1.009651 1.029088 1.025799 1.022601 1.019238
1.481950e+08 1.012597 1.012348 1.010649 1.010264 1.029566 1.026256 1.023113 1.019812
1.482750e+08 1.012944 1.012734 1.011287 1.010864 1.030027 1.026699 1.023609 1.020374
1.483550e+08 1.013279 1.013109 1.011912 1.011452 1.030470 1.027128 1.024089 1.020921
1.484350e+08 1.013602 1.013473 1.012523 1.012026 1.030895 1.027543 1.024553 1.021455
1.485150e+08 1.013914 1.013825 1.013120 1.012586 1.031303 1.027943 1.024999 1.021974
1.485950e+08 1.014213 1.014166 1.013702 1.013132 1.031691 1.028328 1.025428 1.022477
1.486750e+08 1.014500 1.014494 1.014269 1.013663 1.032061 1.028697 1.025840 1.022966
1.487550e+08 1.014774 1.014810 1.014820 1.014180 1.032411 1.029051 1.026233 1.023438
1.488350e+08 1.015034 1.015112 1.015355 1.014681 1.032741 1.029388 1.026609 1.023894
1.489150e+08 1.015281 1.015402 1.015874 1.015167 1.033051 1.029708 1.026965 1.024334
1.489950e+08 1.015515 1.015678 1.016376 1.015638 1.033341 1.030012 1.027304 1.024757
1.490750e+08 1.015734 1.015940 1.016862 1.016092 1.033610 1.030299 1.027623 1.025163
1.491550e+08 1.015939 1.016188 1.017330 1.016530 1.033858 1.030568 1.027923 1.025552
1.492350e+08 1.016130 1.016421 1.017781 1.016952 1.034085 1.030820 1.028203 1.025923
1.493150e+08 1.016307 1.016640 1.018214 1.017357 1.034291 1.031054 1.028465 1.026276
1.493950e+08 1.016468 1.016844 1.018629 1.017746 1.034475 1.031270 1.028706 1.026612
1.494750e+08 1.016615 1.017033 1.019026 1.018117 1.034638 1.031467 1.028928 1.026928
1.495550e+08 1.016747 1.017207 1.019405 1.018472 1.034779 1.031647 1.029131 1.027227
1.496350e+08 1.016864 1.017366 1.019766 1.018809 1.034898 1.031808 1.029313 1.027507
1.497150e+08 1.016966 1.017509 1.020108 1.019130 1.034996 1.031951 1.029476 1.027768
1.497950e+08 1.017053 1.017637 1.020431 1.019433 1.035072 1.032075 1.029619 1.028011
1.498750e+08 1.017124 1.017749 1.020736 1.019719 1.035126 1.032181 1.029742 1.028235
1.499550e+08 1.017181 1.017846 1.021022 1.019987 1.035159 1.032268 1.029845 1.028440
1.500350e+08 1.017222 1.017927 1.021289 1.020239 1.035170 1.032336 1.029929 1.028626
1.501150e+08 1.017249 1.017992 1.021538 1.020473 1.035159 1.032386 1.029994 1.028794
1.501950e+08 1.017260 1.018041 1.021767 1.020690 1.035127 1.032418 1.030039 1.028942
1.502750e+08 1.017257 1.018075 1.021979 1.020890 1.035074 1.032432 1.030065 1.029072
1.503550e+08 1.017239 1.018093 1.022171 1.021074 1.035000 1.032427 1.030071 1.029183
1.504350e+08 1.017206 1.018096 1.022345 1.021240 1.034905 1.032404 1.030060 1.029275
1.505150e+08 1.017159 1.018084 1.022501 1.021390 1.034789 1.032363 1.030029 1.029349
1.505950e+08 1.017097 1.018056 1.022639 1.021523 1.034653 1.032304 1.029980 1.029405
1.506750e+08 1.017021 1.018013 1.022759 1.021640 1.034497 1.032228 1.029913 1.029442
1.507550e+08 1.016932 1.017955 1.022861 1.021741 1.034322 1.032135 1.029829 1.029462
1.508350e+08 1.016829 1.017883 1.022945 1.021827 1.034127 1.032025 1.029727 1.029464
1.509150e+08 1.016712 1.017796 1.023012 1.021896 1.033914 1.031897 1.029608 1.029448
1.509950e+08 1.016582 1.017695 1.023062 1.021951 1.033682 1.031754 1.029472 1.029415
1.510750e+08 1.016440 1.017579 1.023095 1.021991 1.033431 1.031594 1.029320 1.029365
1.511550e+08 1.016285 1.017450 1.023112 1.022016 1.033164 1.031419 1.029152 1.029299
1.512350e+08 1.016118 1.017307 1.023113 1.022026 1.032879 1.031228 1.028969 1.029216
1.513150e+08 1.015939 1.017152 1.023098 1.022023 1.032577 1.031022 1.028770 1.029117
1.513950e+08 1.015748 1.016983 1.023068 1.022007 1.032259 1.030801 1.028558 1.029003
1.514750e+08 1.015547 1.016802 1.023023 1.021977 1.031926 1.030566 1.028331 1.028873
1.515550e+08 1.015334 1.016609 1.022964 1.021934 1.031577 1.030318 1.028090 1.028729
1.516350e+08 1.015112 1.016404 1.022890 1.021879 1.031214 1.030056 1.027836 1.028570
1.517150e+08 1.014879 1.016188 1.022803 1.021813 1.030838 1.029781 1.027570 1.028397
1.517950e+08 1.014638 1.015960 1.022703 1.021735 1.030447 1.029494 1.027292 1.028210
1.518750e+08 1.014387 1.015723 1.022590 1.021646 1.030045 1.029195 1.027003 1.028011
1.519550e+08 1.014128 1.015475 1.022465 1.021546 1.029630 1.028885 1.026702 1.027799
1.520350e+08 1.013860 1.015218 1.022328 1.021437 1.029204 1.028564 1.026392 1.027574
1.521150e+08 1.013585 1.014951 1.022180 1.021318 1.028767 1.028232 1.026071 1.027339
1.521950e+08 1.013304 1.014676 1.022022 1.021190 1.028320 1.027891 1.025742 1.027092
1.522750e+08 1.013015 1.014393 1.021853 1.021054 1.027863 1.027540 1.025404 1.026834
1.523550e+08 1.012721 1.014102 1.021676 1.020910 1.027398 1.027181 1.025058 1.026567
1.524350e+08 1.012421 1.013804 1.021489 1.020759 1.026925 1.026814 1.024705 1.026290
1.525150e+08 1.012116 1.013500 1.021294 1.020600 1.026445 1.026440 1.024346 1.026005
1.525950e+08 1.011807 1.013189 1.021092 1.020436 1.025958 1.026059 1.023980 1.025711
1.526750e+08 1.011494 1.012873 1.020883 1.020266 1.025466 1.025671 1.023609 1.025409
1.527550e+08 1.011177 1.012552 1.020667 1.020091 1.024968 1.025278 1.023234 1.025101
1.528350e+08 1.010858 1.012226 1.020445 1.019911 1.024466 1.024879 1.022855 1.024786
1.529150e+08 1.010536 1.011897 1.020218 1.019727 1.023960 1.024477 1.022472 1.024465
1.529950e+08 1.010213 1.011564 1.019987 1.019540 1.023451 1.024070 1.022086 1.024138
1.530750e+08 1.009889 1.011229 1.019751 1.019350 1.022940 1.023660 1.021699 1.023807
1.531550e+08 1.009564 1.010891 1.019513 1.019158 1.022428 1.023248 1.021310 1.023472
1.532350e+08 1.009238 1.010552 1.019271 1.018964 1.021915 1.022833 1.020920 1.023133
1.533150e+08 1.008914 1.010212 1.019028 1.018769 1.021402 1.022417 1.020530 1.022791
1.533950e+08 1.008590 1.009871 1.018783 1.018574 1.020889 1.022000 1.020140 1.022448
1.534750e+08 1.008269 1.009531 1.018537 1.018378 1.020378 1.021584 1.019752 1.022102
1.535550e+08 1.007949 1.009191 1.018292 1.018183 1.019869 1.021167 1.019365 1.021755
1.536350e+08 1.007632 1.008852 1.018046 1.017989 1.019363 1.020751 1.018981 1.021408
1.537150e+08 1.007318 1.008515 1.017802 1.017797 1.018860 1.020337 1.018599 1.021061
1.537950e+08 1.007008 1.008181 1.017559 1.017606 1.018361 1.019925 1.018221 1.020715
1.538750e+08 1.006702 1.007849 1.017318 1.017419 1.017867 1.019516 1.017848 1.020370
1.539550e+08 1.006401 1.007521 1.017081 1.017235 1.017378 1.019110 1.017479 1.020027
1.540350e+08 1.006105 1.007197 1.016846 1.017054 1.016895 1.018708 1.017115 1.019686
1.541150e+08 1.005814 1.006877 1.016616 1.016877 1.016419 1.018309 1.016757 1.019348
1.541950e+08 1.005530 1.006562 1.016390 1.016706 1.015951 1.017916 1.016405 1.019013
1.542750e+08 1.005253 1.006253 1.016169 1.016539 1.015490 1.017528 1.016060 1.018683
1.543550e+08 1.004983 1.005950 1.015954 1.016378 1.015037 1.017146 1.015723 1.018357
1.544350e+08 1.004720 1.005653 1.015744 1.016223 1.014593 1.016770 1.015393 1.018037
1.545150e+08 1.004465 1.005364 1.015541 1.016074 1.014159 1.016400 1.015071 1.017721
1.545950e+08 1.004219 1.005081 1.015346 1.015932 1.013734 1.016038 1.014759 1.017412
1.546750e+08 1.003981 1.004807 1.015158 1.015798 1.013320 1.015684 1.014455 1.017110
1.547550e+08 1.003752 1.004541 1.014977 1.015671 1.012917 1.015337 1.014161 1.016814
1.548350e+08 1.003533 1.004284 1.014805 1.015552 1.012525 1.014998 1.013877 1.016526
1.549150e+08 1.003324 1.004035 1.014642 1.015441 1.012144 1.014668 1.013603 1.016245
1.549950e+08 1.003125 1.003797 1.014488 1.015338 1.011776 1.014348 1.013340 1.015973
1.550750e+08 1.002936 1.003568 1.014344 1.015245 1.011420 1.014036 1.013088 1.015709
1.551550e+08 1.002758 1.003349 1.014210 1.015161 1.011077 1.013734 1.012848 1.015454
1.552350e+08 1.002592 1.003141 1.014085 1.015086 1.010747 1.013442 1.012618 1.015209
1.553150e+08 1.002436 1.002944 1.013972 1.015021 1.010430 1.013161 1.012401 1.014973
1.553950e+08 1.002292 1.002758 1.013869 1.014965 1.010127 1.012889 1.012196 1.014746
1.554750e+08 1.002160 1.002584 1.013777 1.014920 1.009838 1.012628 1.012003 1.014530
1.555550e+08 1.002040 1.002421 1.013696 1.014885 1.009563 1.012378 1.011822 1.014325
1.556350e+08 1.001931 1.002270 1.013627 1.014860 1.009302 1.012139 1.011654 1.014130
1.557150e+08 1.001835 1.002132 1.013570 1.014846 1.009055 1.011911 1.011499 1.013946
1.557950e+08 1.001752 1.002005 1.013525 1.014842 1.008823 1.011694 1.011357 1.013773
1.558750e+08 1.001681 1.001891 1.013491 1.014849 1.008605 1.011488 1.011228 1.013611
1.559550e+08 1.001622 1.001790 1.013470 1.014867 1.008402 1.011294 1.011111 1.013460
1.560350e+08 1.001576 1.001702 1.013461 1.014895 1.008213 1.011111 1.011008 1.013321
1.561150e+08 1.001543 1.001627 1.013464 1.014934 1.008039 1.010940 1.010918 1.013194
1.561950e+08 1.001522 1.001564 1.013480 1.014984 1.007880 1.010779 1.010841 1.013078
1.562750e+08 1.001515 1.001515 1.013507 1.015045 1.007735 1.010631 1.010777 1.012974
1.563550e+08 1.001519 1.001479 1.013548 1.015116 1.007605 1.010493 1.010725 1.012881
1.564350e+08 1.001537 1.001456 1.013600 1.015197 1.007489 1.010367 1.010687 1.012800
1.565150e+08 1.001567 1.001446 1.013665 1.015289 1.007387 1.010251 1.010661 1.012731
1.565950e+08 1.001609 1.001449 1.013741 1.015392 1.007300 1.010147 1.010648 1.012674
1.566750e+08 1.001664 1.001465 1.013830 1.015504 1.007226 1.010053 1.010647 1.012627
1.567550e+08 1.001731 1.001494 1.013931 1.015626 1.007165 1.009970 1.010659 1.012593
1.568350e+08 1.001810 1.001536 1.014044 1.015758 1.007118 1.009898 1.010683 1.012570
1.569150e+08 1.001901 1.001591 1.014168 1.015900 1.007084 1.009835 1.010718 1.012557
1.569950e+08 1.002004 1.001658 1.014303 1.016051 1.007063 1.009783 1.010765 1.012556
1.570750e+08 1.002118 1.001738 1.014449 1.016211 1.007055 1.009740 1.010823 1.012566
1.571550e+08 1.002243 1.001830 1.014606 1.016380 1.007058 1.009707 1.010892 1.012586
1.572350e+08 1.002380 1.001934 1.014774 1.016557 1.007073 1.009682 1.010971 1.012617
1.573150e+08 1.002527 1.002050 1.014952 1.016742 1.007099 1.009667 1.011061 1.012658
1.573950e+08 1.002684 1.002178 1.015140 1.016935 1.007136 1.009659 1.011160 1.012708
1.574750e+08 1.002852 1.002317 1.015338 1.017135 1.007184 1.009660 1.011269 1.012768
1.575550e+08 1.003029 1.002467 1.015545 1.017343 1.007241 1.009668 1.011387 1.012837
1.576350e+08 1.003216 1.002628 1.015760 1.017557 1.007308 1.009684 1.011514 1.012916
1.577150e+08 1.003412 1.002799 1.015984 1.017777 1.007384 1.009706 1.011649 1.013002
1.577950e+08 1.003617 1.002981 1.016216 1.018003 1.007468 1.009734 1.011791 1.013097
1.578750e+08 1.003830 1.003172 1.016456 1.018235 1.007560 1.009768 1.011941 1.013199
1.579550e+08 1.004051 1.003372 1.016702 1.018471 1.007659 1.009808 1.012097 1.013309
1.580350e+08 1.004279 1.003582 1.016956 1.018712 1.007765 1.009852 1.012260 1.013426
1.581150e+08 1.004514 1.003800 1.017215 1.018957 1.007876 1.009901 1.012428 1.013549
1.581950e+08 1.004756 1.004026 1.017480 1.019205 1.007994 1.009954 1.012601 1.013678
1.582750e+08 1.005004 1.004260 1.017750 1.019456 1.008116 1.010010 1.012779 1.013812
1.583550e+08 1.005258 1.004501 1.018025 1.019709 1.008242 1.010069 1.012961 1.013952
1.584350e+08 1.005517 1.004749 1.018303 1.019965 1.008372 1.010130 1.013146 1.014095
1.585150e+08 1.005780 1.005003 1.018585 1.020222 1.008504 1.010192 1.013334 1.014243
1.585950e+08 1.006048 1.005263 1.018870 1.020479 1.008639 1.010256 1.013524 1.014395
1.586750e+08 1.006319 1.005528 1.019157 1.020737 1.008775 1.010320 1.013716 1.014549
1.587550e+08 1.006593 1.005798 1.019446 1.020995 1.008912 1.010385 1.013909 1.014705
1.588350e+08 1.006870 1.006073 1.019736 1.021251 1.009049 1.010448 1.014102 1.014863
1.589150e+08 1.007149 1.006351 1.020026 1.021507 1.009185 1.010510 1.014295 1.015023
1.589950e+08 1.007430 1.006633 1.020316 1.021760 1.009320 1.010571 1.014486 1.015183
1.590750e+08 1.007711 1.006917 1.020606 1.022011 1.009453 1.010629 1.014677 1.015343
1.591550e+08 1.007993 1.007203 1.020894 1.022258 1.009583 1.010683 1.014865 1.015502
1.592350e+08 1.008275 1.007491 1.021180 1.022502 1.009709 1.010735 1.015050 1.015661
1.593150e+08 1.008556 1.007780 1.021463 1.022742 1.009832 1.010782 1.015232 1.015817
1.593950e+08 1.008836 1.008069 1.021743 1.022977 1.009949 1.010824 1.015410 1.015972
1.594750e+08 1.009115 1.008358 1.022019 1.023206 1.010061 1.010860 1.015582 1.016123
1.595550e+08 1.009390 1.008647 1.022291 1.023430 1.010166 1.010891 1.015750 1.016271
1.596350e+08 1.009663 1.008934 1.022557 1.023647 1.010264 1.010915 1.015911 1.016414
1.597150e+08 1.009933 1.009220 1.022818 1.023857 1.010355 1.010931 1.016066 1.016553
1.597950e+08 1.010198 1.009503 1.023073 1.024059 1.010437 1.010940 1.016213 1.016686
1.598750e+08 1.010460 1.009783 1.023320 1.024253 1.010510 1.010941 1.016353 1.016814
1.599550e+08 1.010716 1.010060 1.023560 1.024438 1.010573 1.010933 1.016484 1.016935
1.600350e+08 1.010966 1.010332 1.023791 1.024614 1.010626 1.010915 1.016606 1.017049
1.601150e+08 1.011211 1.010600 1.024014 1.024781 1.010667 1.010887 1.016718 1.017155
1.601950e+08 1.011448 1.010863 1.024227 1.024937 1.010697 1.010849 1.016820 1.017253
1.602750e+08 1.011679 1.011120 1.024431 1.025083 1.010715 1.010799 1.016911 1.017342
1.603550e+08 1.011902 1.011371 1.024624 1.025217 1.010719 1.010738 1.016990 1.017421
1.604350e+08 1.012117 1.011615 1.024806 1.025340 1.010710 1.010665 1.017058 1.017491
1.605150e+08 1.012324 1.011852 1.024976 1.025450 1.010687 1.010579 1.017113 1.017550
1.605950e+08 1.012521 1.012081 1.025134 1.025548 1.010649 1.010481 1.017154 1.017598
1.606750e+08 1.012709 1.012302 1.025280 1.025633 1.010595 1.010369 1.017183 1.017635
1.607550e+08 1.012888 1.012513 1.025412 1.025705 1.010526 1.010243 1.017197 1.017659
1.608350e+08 1.013056 1.012716 1.025531 1.025763 1.010441 1.010102 1.017197 1.017671
1.609150e+08 1.013213 1.012909 1.025636 1.025807 1.010339 1.009947 1.017182 1.017670
1.609950e+08 1.013359 1.013092 1.025726 1.025836 1.010220 1.009777 1.017151 1.017656
1.610750e+08 1.013493 1.013264 1.025801 1.025850 1.010083 1.009592 1.017105 1.017627
1.611550e+08 1.013616 1.013425 1.025861 1.025850 1.009927 1.009390 1.017042 1.017584
1.612350e+08 1.013726 1.013574 1.025906 1.025834 1.009754 1.009173 1.016963 1.017527
1.613150e+08 1.013824 1.013712 1.025934 1.025802 1.009561 1.008939 1.016867 1.017454
1.613950e+08 1.013910 1.013837 1.025946 1.025754 1.009350 1.008689 1.016753 1.017366
1.614750e+08 1.013982 1.013950 1.025941 1.025690 1.009119 1.008422 1.016622 1.017262
1.615550e+08 1.014040 1.014050 1.025919 1.025610 1.008868 1.008137 1.016473 1.017141
1.616350e+08 1.014085 1.014137 1.025880 1.025513 1.008597 1.007836 1.016306 1.017005
1.617150e+08 1.014116 1.014210 1.025823 1.025399 1.008305 1.007516 1.016121 1.016851
1.617950e+08 1.014133 1.014270 1.025749 1.025268 1.007994 1.007180 1.015917 1.016680
1.618750e+08 1.014136 1.014315 1.025656 1.025121 1.007661 1.006825 1.015694 1.016492
1.619550e+08 1.014124 1.014346 1.025545 1.024956 1.007308 1.006452 1.015452 1.016286
1.620350e+08 1.014098 1.014362 1.025416 1.024774 1.006933 1.006061 1.015190 1.016063
1.621150e+08 1.014057 1.014364 1.025268 1.024575 1.006538 1.005653 1.014910 1.015821
1.621950e+08 1.014001 1.014350 1.025102 1.024358 1.006121 1.005226 1.014610 1.015562
1.622750e+08 1.013930 1.014322 1.024917 1.024124 1.005683 1.004780 1.014291 1.015284
1.623550e+08 1.013844 1.014278 1.024714 1.023873 1.005224 1.004317 1.013952 1.014988
1.624350e+08 1.013743 1.014219 1.024491 1.023605 1.004743 1.003836 1.013594 1.014673
1.625150e+08 1.013627 1.014145 1.024250 1.023319 1.004242 1.003336 1.013216 1.014339
1.625950e+08 1.013496 1.014055 1.023990 1.023017 1.003719 1.002819 1.012819 1.013987
1.626750e+08 1.013350 1.013949 1.023711 1.022697 1.003175 1.002284 1.012402 1.013617
1.627550e+08 1.013189 1.013828 1.023414 1.022360 1.002610 1.001731 1.011965 1.013227
1.628350e+08 1.013013 1.013691 1.023098 1.022007 1.002025 1.001160 1.011510 1.012820
1.629150e+08 1.012822 1.013539 1.022763 1.021637 1.001419 1.000572 1.011035 1.012393
1.629950e+08 1.012617 1.013371 1.022410 1.021251 1.000792 0.999966 1.010541 1.011948
1.630750e+08 1.012396 1.013187 1.022040 1.020849 1.000146 0.999344 1.010029 1.011485
1.631550e+08 1.012162 1.012988 1.021651 1.020430 0.999479 0.998705 1.009498 1.011003
1.632350e+08 1.011913 1.012774 1.021244 1.019996 0.998793 0.998049 1.008948 1.010503
1.633150e+08 1.011650 1.012545 1.020820 1.019547 0.998087 0.997377 1.008380 1.009986
1.633950e+08 1.011373 1.012300 1.020378 1.019083 0.997363 0.996689 1.007794 1.009450
1.634750e+08 1.011082 1.012041 1.019920 1.018604 0.996620 0.995986 1.007191 1.008897
1.635550e+08 1.010778 1.011767 1.019445 1.018110 0.995858 0.995267 1.006570 1.008326
1.636350e+08 1.010461 1.011478 1.018953 1.017603 0.995079 0.994533 1.005932 1.007739
1.637150e+08 1.010131 1.011176 1.018446 1.017082 0.994282 0.993785 1.005278 1.007134
1.637950e+08 1.009789 1.010859 1.017923 1.016547 0.993469 0.993022 1.004607 1.006513
1.638750e+08 1.009434 1.010529 1.017385 1.016000 0.992639 0.992246 1.003920 1.005876
1.639550e+08 1.009067 1.010185 1.016831 1.015440 0.991792 0.991457 1.003218 1.005223
1.640350e+08 1.008689 1.009828 1.016264 1.014868 0.990931 0.990654 1.002501 1.004554
1.641150e+08 1.008300 1.009458 1.015682 1.014284 0.990054 0.989840 1.001769 1.003870
1.641950e+08 1.007900 1.009076 1.015087 1.013690 0.989163 0.989013 1.001023 1.003172
1.642750e+08 1.007490 1.008682 1.014479 1.013085 0.988258 0.988175 1.000264 1.002459
1.643550e+08 1.007070 1.008276 1.013858 1.012469 0.987339 0.987326 0.999491 1.001732
1.644350e+08 1.006640 1.007859 1.013225 1.011844 0.986408 0.986467 0.998706 1.000991
1.645150e+08 1.006202 1.007431 1.012581 1.011210 0.985465 0.985597 0.997908 1.000238
1.645950e+08 1.005754 1.006993 1.011925 1.010567 0.984511 0.984719 0.997099 0.999472
1.646750e+08 1.005299 1.006545 1.011260 1.009916 0.983545 0.983831 0.996279 0.998693
1.647550e+08 1.004836 1.006087 1.010584 1.009258 0.982569 0.982936 0.995448 0.997903
1.648350e+08 1.004366 1.005619 1.009899 1.008592 0.981584 0.982032 0.994607 0.997102
1.649150e+08 1.003889 1.005144 1.009205 1.007920 0.980590 0.981122 0.993758 0.996290
1.649950e+08 1.003406 1.004660 1.008503 1.007242 0.979587 0.980205 0.992899 0.995469
1.650750e+08 1.002918 1.004169 1.007794 1.006559 0.978577 0.979281 0.992032 0.994637
1.651550e+08 1.002424 1.003670 1.007077 1.005871 0.977560 0.978353 0.991158 0.993797
1.652350e+08 1.001926 1.003165 1.006354 1.005178 0.976537 0.977420 0.990276 0.992948
1.653150e+08 1.001424 1.002654 1.005625 1.004482 0.975508 0.976482 0.989389 0.992092
1.653950e+08 1.000919 1.002137 1.004892 1.003783 0.974475 0.975541 0.988495 0.991228
1.654750e+08 1.000410 1.001616 1.004153 1.003081 0.973437 0.974596 0.987597 0.990357
1.655550e+08 0.999899 1.001090 1.003411 1.002377 0.972396 0.973649 0.986694 0.989480
1.656350e+08 0.999386 1.000560 1.002665 1.001672 0.971352 0.972700 0.985788 0.988598
1.657150e+08 0.998872 1.000026 1.001917 1.000966 0.970306 0.971750 0.984878 0.987710
1.657950e+08 0.998357 0.999490 1.001166 1.000259 0.969258 0.970799 0.983965 0.986819
1.658750e+08 0.997842 0.998952 1.000415 0.999553 0.968210 0.969848 0.983051 0.985923
1.659550e+08 0.997328 0.998412 0.999662 0.998847 0.967162 0.968897 0.982135 0.985024
1.660350e+08 0.996814 0.997872 0.998909 0.998143 0.966115 0.967947 0.981218 0.984122
1.661150e+08 0.996301 0.997330 0.998156 0.997440 0.965069 0.966998 0.980302 0.983219
1.661950e+08 0.995791 0.996789 0.997405 0.996740 0.964024 0.966051 0.979386 0.982314
1.662750e+08 0.995283 0.996248 0.996655 0.996043 0.962983 0.965107 0.978470 0.981408
1.663550e+08 0.994778 0.995708 0.995907 0.995348 0.961944 0.964165 0.977557 0.980501
1.664350e+08 0.994276 0.995170 0.995161 0.994658 0.960910 0.963228 0.976646 0.979595
1.665150e+08 0.993779 0.994635 0.994419 0.993972 0.959880 0.962294 0.975738 0.978689
1.665950e+08 0.993286 0.994102 0.993681 0.993290 0.958855 0.961364 0.974833 0.977785
1.666750e+08 0.992798 0.993572 0.992947 0.992614 0.957835 0.960440 0.973932 0.976883
1.667550e+08 0.992315 0.993047 0.992218 0.991943 0.956822 0.959521 0.973035 0.975983
1.668350e+08 0.991839 0.992525 0.991494 0.991278 0.955816 0.958608 0.972144 0.975086
1.669150e+08 0.991368 0.992009 0.990776 0.990620 0.954817 0.957700 0.971258 0.974193
1.669950e+08 0.990905 0.991498 0.990064 0.989968 0.953825 0.956800 0.970378 0.973303
1.670750e+08 0.990449 0.990993 0.989359 0.989324 0.952842 0.955906 0.969504 0.972418
1.671550e+08 0.990001 0.990494 0.988662 0.988687 0.951868 0.955020 0.968638 0.971538
1.672350e+08 0.989561 0.990002 0.987972 0.988057 0.950903 0.954142 0.967779 0.970663
1.673150e+08 0.989129 0.989517 0.987290 0.987436 0.949947 0.953271 0.966928 0.969793
1.673950e+08 0.988706 0.989040 0.986616 0.986823 0.949002 0.952409 0.966085 0.968930
1.674750e+08 0.988292 0.988571 0.985952 0.986219 0.948067 0.951556 0.965251 0.968074
1.675550e+08 0.987888 0.988111 0.985296 0.985624 0.947143 0.950711 0.964425 0.967225
1.676350e+08 0.987494 0.987660 0.984651 0.985038 0.946230 0.949876 0.963610 0.966383
1.677150e+08 0.987110 0.987217 0.984015 0.984461 0.945329 0.949050 0.962804 0.965549
1.677950e+08 0.986737 0.986785 0.983389 0.983894 0.944439 0.948233 0.962008 0.964723
1.678750e+08 0.986374 0.986363 0.982773 0.983337 0.943562 0.947427 0.961222 0.963905
1.679550e+08 0.986023 0.985950 0.982168 0.982789 0.942696 0.946630 0.960447 0.963097
1.680350e+08 0.985682 0.985549 0.981574 0.982252 0.941844 0.945843 0.959683 0.962297
1.681150e+08 0.985353 0.985159 0.980991 0.981724 0.941004 0.945066 0.958930 0.961507
1.681950e+08 0.985036 0.984779 0.980419 0.981207 0.940177 0.944300 0.958188 0.960726
1.682750e+08 0.984730 0.984412 0.979859 0.980700 0.939363 0.943544 0.957458 0.959955
1.683550e+08 0.984437 0.984055 0.979310 0.980203 0.938562 0.942798 0.956740 0.959194
1.684350e+08 0.984156 0.983711 0.978773 0.979716 0.937774 0.942062 0.956033 0.958443
1.685150e+08 0.983886 0.983379 0.978247 0.979240 0.937000 0.941337 0.955338 0.957702
1.685950e+08 0.983630 0.983059 0.977734 0.978774 0.936239 0.940623 0.954655 0.956972
1.686750e+08 0.983385 0.982752 0.977232 0.978318 0.935491 0.939918 0.953984 0.956252
1.687550e+08 0.983153 0.982457 0.976741 0.977872 0.934757 0.939224 0.953326 0.955543
1.688350e+08 0.982933 0.982175 0.976263 0.977436 0.934036 0.938540 0.952679 0.954845
1.689150e+08 0.982726 0.981905 0.975796 0.977009 0.933328 0.937866 0.952045 0.954158
1.689950e+08 0.982531 0.981648 0.975341 0.976593 0.932633 0.937202 0.951423 0.953481
1.690750e+08 0.982349 0.981404 0.974898 0.976186 0.931951 0.936548 0.950812 0.952815
1.691550e+08 0.982179 0.981173 0.974465 0.975788 0.931282 0.935903 0.950214 0.952160
1.692350e+08 0.982021 0.980955 0.974045 0.975400 0.930626 0.935267 0.949627 0.951516
1.693150e+08 0.981875 0.980749 0.973635 0.975021 0.929982 0.934641 0.949053 0.950882
1.693950e+08 0.981741 0.980556 0.973236 0.974650 0.929351 0.934023 0.948489 0.950259
1.694750e+08 0.981619 0.980376 0.972848 0.974287 0.928731 0.933414 0.947938 0.949646
1.695550e+08 0.981509 0.980209 0.972471 0.973933 0.928123 0.932814 0.947397 0.949044
1.696350e+08 0.981410 0.980054 0.972103 0.973586 0.927527 0.932221 0.946868 0.948452
