   1.6715501e+08	       0.0000000	       0.0000000	       0.0000000	       0.0000000	       0.0000000	       0.0000000	       0.0000000	       0.0000000	
   1.6723501e+08	       1.0639369	       1.0587114	       1.1043445	       1.0981487	       1.1311568	       1.1292930	       1.1206797	       1.1201197	
   1.6731501e+08	       1.0841410	       1.0817738	       1.1189499	       1.1177932	       1.1523704	       1.1520851	       1.1431430	       1.1383586	
   1.6739501e+08	       1.0838501	       1.0816665	       1.1239891	       1.1167571	       1.1504343	       1.1481763	       1.1423812	       1.1365767	
   1.6747501e+08	       1.0862835	       1.0814089	       1.1171374	       1.1176331	       1.1476262	       1.1472919	       1.1386047	       1.1319691	
   1.6755501e+08	       1.0836102	       1.0794969	       1.1125179	       1.1138261	       1.1475135	       1.1505379	       1.1439344	       1.1346319	
   1.6763501e+08	       1.0799603	       1.0792390	       1.1113241	       1.1136971	       1.1463889	       1.1475356	       1.1372858	       1.1386835	
   1.6771501e+08	       1.0842726	       1.0793785	       1.1091721	       1.1144972	       1.1476445	       1.1448439	       1.1422194	       1.1328993	
   1.6779501e+08	       1.0845653	       1.0794503	       1.1106081	       1.1149167	       1.1481276	       1.1456683	       1.1428702	       1.1371597	
   1.6787501e+08	       1.0805235	       1.0807433	       1.1097562	       1.1124045	       1.1448018	       1.1434255	       1.1365623	       1.1342267	
   1.6795501e+08	       1.0817824	       1.0802365	       1.1138072	       1.1116448	       1.1437379	       1.1425609	       1.1363746	       1.1325286	
   1.6803501e+08	       1.0829953	       1.0806244	       1.1131517	       1.1100246	       1.1400026	       1.1437307	       1.1369809	       1.1314903	
   1.6811501e+08	       1.0842907	       1.0778776	       1.1122530	       1.1114679	       1.1412856	       1.1457389	       1.1371179	       1.1323845	
   1.6819501e+08	       1.0799417	       1.0772413	       1.1103490	       1.1076956	       1.1401434	       1.1412494	       1.1331989	       1.1280881	
   1.6827501e+08	       1.0652717	       1.0642847	       1.0927494	       1.0926033	       1.1230703	       1.1260622	       1.1149551	       1.1124990	
   1.6835501e+08	       0.0000000	       0.0000000	       0.0000000	       0.0000000	       0.0000000	       0.0000000	       0.0000000	       0.0000000	
   1.6843501e+08	       0.0000000	       0.0000000	       0.0000000	       0.0000000	       0.0000000	       0.0000000	       0.0000000	       0.0000000	
   1.6851501e+08	       1.0646332	       1.0572063	       1.0842147	       1.0878787	       1.1199927	       1.1194278	       1.1151213	       1.1160640	
   1.6859501e+08	       1.0808664	       1.0773608	       1.1048426	       1.1072607	       1.1399423	       1.1410084	       1.1365298	       1.1325913	
   1.6867501e+08	       1.0802984	       1.0795283	       1.1086532	       1.1088700	       1.1411446	       1.1397165	       1.1355928	       1.1314105	
   1.6875501e+08	       1.0789756	       1.0769981	       1.1080250	       1.1074676	       1.1399591	       1.1386803	       1.1341824	       1.1324586	
   1.6883501e+08	       1.0810669	       1.0776485	       1.1096962	       1.1067146	       1.1373316	       1.1389479	       1.1370574	       1.1320362	
   1.6891501e+08	       1.0809867	       1.0751355	       1.1100724	       1.1062607	       1.1420074	       1.1388802	       1.1341655	       1.1280913	
   1.6899501e+08	       1.0801304	       1.0775237	       1.1044458	       1.1053962	       1.1402893	       1.1360667	       1.1336087	       1.1277477	
   1.6907501e+08	       1.0784246	       1.0774354	       1.1012108	       1.1004446	       1.1403453	       1.1417574	       1.1356513	       1.1271090	
   1.6915501e+08	       1.0795224	       1.0787308	       1.1008338	       1.1023851	       1.1358468	       1.1344775	       1.1346123	       1.1306686	
   1.6923501e+08	       1.0751687	       1.0792570	       1.1015406	       1.1026407	       1.1350766	       1.1340950	       1.1389976	       1.1296133	
   1.6931501e+08	       1.0787424	       1.0754421	       1.0984193	       1.1028394	       1.1339094	       1.1311977	       1.1347098	       1.1271872	
   1.6939501e+08	       1.0779437	       1.0763349	       1.1003364	       1.1027426	       1.1327986	       1.1289263	       1.1280296	       1.1247089	
   1.6947501e+08	       1.0743866	       1.0742287	       1.1018304	       1.1059832	       1.1329140	       1.1292282	       1.1285597	       1.1240269	
   1.6955501e+08	       1.0610034	       1.0534225	       1.0897332	       1.0919105	       1.1151791	       1.1165954	       1.1123726	       1.1067852	
   1.6963501e+08	       0.0000000	       0.0000000	       0.0000000	       0.0000000	       0.0000000	       0.0000000	       0.0000000	       0.0000000	
   1.6971501e+08	       0.0000000	       0.0000000	       0.0000000	       0.0000000	       0.0000000	       0.0000000	       0.0000000	       0.0000000	
   1.6979501e+08	       1.0546238	       1.0490775	       1.0896317	       1.0891700	       1.1068331	       1.1117060	       1.0904866	       1.0946833	
   1.6987501e+08	       1.0736288	       1.0717893	       1.1052016	       1.1054748	       1.1323949	       1.1298367	       1.1184788	       1.1111400	
   1.6995501e+08	       1.0781342	       1.0691972	       1.1094228	       1.1095397	       1.1296374	       1.1305590	       1.1173301	       1.1149998	
   1.7003501e+08	       1.0802523	       1.0662063	       1.1020388	       1.1068294	       1.1255097	       1.1293314	       1.1168545	       1.1139118	
   1.7011501e+08	       1.0748520	       1.0668689	       1.1051807	       1.1065234	       1.1276827	       1.1254215	       1.1124750	       1.1169263	
   1.7019501e+08	       1.0775348	       1.0694993	       1.1071712	       1.1073315	       1.1253941	       1.1297146	       1.1123347	       1.1070798	
   1.7027501e+08	       1.0766619	       1.0721969	       1.1040988	       1.1059553	       1.1255964	       1.1259366	       1.1154153	       1.1064183	
   1.7035501e+08	       1.0783769	       1.0732476	       1.1069612	       1.1065739	       1.1274378	       1.1293058	       1.1133129	       1.1105282	
   1.7043501e+08	       1.0781213	       1.0725676	       1.1053813	       1.1031894	       1.1242327	       1.1269871	       1.1187252	       1.1145631	
   1.7051501e+08	       1.0785616	       1.0735899	       1.1066060	       1.1020472	       1.1290425	       1.1273105	       1.1135815	       1.1154516	
   1.7059501e+08	       1.0794208	       1.0725534	       1.1055914	       1.1057974	       1.1267964	       1.1259258	       1.1152227	       1.1151288	
   1.7067501e+08	       1.0796508	       1.0774453	       1.1012430	       1.1025365	       1.1244796	       1.1266558	       1.1160541	       1.1139170	
   1.7075501e+08	       1.0802552	       1.0720666	       1.0957950	       1.1004857	       1.1245972	       1.1268472	       1.1177923	       1.1116368	
   1.7083501e+08	       1.0625770	       1.0555491	       1.0788989	       1.0833603	       1.1090169	       1.1084715	       1.1018158	       1.0982728	
   1.7091501e+08	       0.0000000	       0.0000000	       0.0000000	       0.0000000	       0.0000000	       0.0000000	       0.0000000	       0.0000000	
   1.7099501e+08	       0.0000000	       0.0000000	       0.0000000	       0.0000000	       0.0000000	       0.0000000	       0.0000000	       0.0000000	
   1.7107501e+08	       1.0605145	       1.0519792	       1.0804817	       1.0810600	       1.1030023	       1.1045187	       1.0919039	       1.0902514	
   1.7115501e+08	       1.0809159	       1.0734105	       1.1036588	       1.1014641	       1.1196857	       1.1217565	       1.1123707	       1.1144446	
   1.7123501e+08	       1.0824485	       1.0747410	       1.1041498	       1.0999343	       1.1203858	       1.1238238	       1.1093485	       1.1082240	
   1.7131501e+08	       1.0825768	       1.0760911	       1.1041348	       1.0998594	       1.1199058	       1.1211147	       1.1115496	       1.1051429	
   1.7139501e+08	       1.0779055	       1.0775712	       1.1004723	       1.0978566	       1.1207077	       1.1215472	       1.1056373	       1.1044689	
   1.7147501e+08	       1.0779377	       1.0788902	       1.0997851	       1.0962986	       1.1222081	       1.1229826	       1.1097850	       1.1036309	
   1.7155501e+08	       1.0807906	       1.0760057	       1.0975614	       1.0964025	       1.1185610	       1.1206353	       1.1118469	       1.1048426	
   1.7163501e+08	       1.0823740	       1.0753551	       1.0963403	       1.0957612	       1.1170989	       1.1181167	       1.1185099	       1.1137709	
   1.7171501e+08	       1.0770273	       1.0765013	       1.0941061	       1.0950389	       1.1170443	       1.1167081	       1.1166419	       1.1004198	
   1.7179501e+08	       1.0801458	       1.0759759	       1.0954298	       1.0976857	       1.1203961	       1.1189651	       1.1125178	       1.1076179	
   1.7187501e+08	       1.0795911	       1.0773989	       1.0987065	       1.0961531	       1.1173632	       1.1180190	       1.1137016	       1.1044626	
   1.7195501e+08	       1.0791774	       1.0776553	       1.0992461	       1.0972355	       1.1142529	       1.1164191	       1.1190329	       1.1003830	
   1.7203501e+08	       1.0824844	       1.0783295	       1.1006835	       1.0995735	       1.1132948	       1.1123849	       1.1133878	       1.1005934	
   1.7211501e+08	       1.0633957	       1.0595355	       1.0872276	       1.0799121	       1.0983615	       1.0989202	       1.0961006	       1.0879487	
   1.7219501e+08	       0.0000000	       0.0000000	       0.0000000	       0.0000000	       0.0000000	       0.0000000	       0.0000000	       0.0000000	
   1.7227501e+08	       0.0000000	       0.0000000	       0.0000000	       0.0000000	       0.0000000	       0.0000000	       0.0000000	       0.0000000	
   1.7235501e+08	       1.0574575	       1.0538480	       1.0773909	       1.0763319	       1.0953169	       1.0949526	       1.0893220	       1.0838416	
   1.7243501e+08	       1.0798334	       1.0733745	       1.0960329	       1.0999180	       1.1148373	       1.1179814	       1.1068827	       1.0990604	
   1.7251501e+08	       1.0789329	       1.0744361	       1.0961385	       1.0995694	       1.1135225	       1.1160909	       1.1103600	       1.0987909	
   1.7259501e+08	       1.0794058	       1.0700886	       1.0972017	       1.0985803	       1.1149204	       1.1151788	       1.1050429	       1.0961092	
   1.7267501e+08	       1.0762436	       1.0718280	       1.0954745	       1.0991180	       1.1148882	       1.1133979	       1.1122786	       1.1045704	
   1.7275501e+08	       1.0739782	       1.0705094	       1.0987446	       1.1015517	       1.1152112	       1.1127317	       1.1107269	       1.1025502	
   1.7283501e+08	       1.0750429	       1.0699458	       1.0979366	       1.0989029	       1.1127825	       1.1138590	       1.1093380	       1.1002259	
   1.7291501e+08	       1.0757548	       1.0754831	       1.0970807	       1.1016593	       1.1092740	       1.1131834	       1.1123940	       1.0977821	
   1.7299501e+08	       1.0716713	       1.0703421	       1.0955163	       1.0979834	       1.1123389	       1.1123364	       1.1103232	       1.0930737	
   1.7307501e+08	       1.0734576	       1.0716917	       1.0967374	       1.0946658	       1.1116213	       1.1118148	       1.1081557	       1.0998555	
   1.7315501e+08	       1.0734020	       1.0763092	       1.0912910	       1.0931812	       1.1092877	       1.1098449	       1.1005337	       1.0959873	
   1.7323501e+08	       1.0746545	       1.0764925	       1.0907097	       1.0945150	       1.1091122	       1.1075584	       1.1052928	       1.0964281	
   1.7331501e+08	       1.0750007	       1.0735425	       1.0891825	       1.0943228	       1.1072371	       1.1041595	       1.1034330	       1.0957488	
   1.7339501e+08	       1.0591677	       1.0559997	       1.0769942	       1.0784547	       1.0862914	       1.0888292	       1.0841509	       1.0818812	
   1.7347501e+08	       0.0000000	       0.0000000	       0.0000000	       0.0000000	       0.0000000	       0.0000000	       0.0000000	       0.0000000	
   1.7355501e+08	       0.0000000	       0.0000000	       0.0000000	       0.0000000	       0.0000000	       0.0000000	       0.0000000	       0.0000000	
   1.7363501e+08	       1.0574608	       1.0517001	       1.0746174	       1.0722338	       1.0885490	       1.0837435	       1.0808002	       1.0772234	
   1.7371501e+08	       1.0746881	       1.0745346	       1.0945261	       1.0909557	       1.1051769	       1.1035678	       1.1049025	       1.0913288	
   1.7379501e+08	       1.0756496	       1.0749892	       1.0902627	       1.0923083	       1.1065291	       1.1027029	       1.1007976	       1.0924502	
   1.7387501e+08	       1.0739527	       1.0719589	       1.0927515	       1.0888787	       1.1015366	       1.1040660	       1.1015034	       1.0918718	
   1.7395501e+08	       1.0707167	       1.0717622	       1.0880252	       1.0881926	       1.1052952	       1.1026612	       1.0965574	       1.0918510	
   1.7403501e+08	       1.0709420	       1.0727891	       1.0825679	       1.0872548	       1.1013770	       1.0984018	       1.1000654	       1.0904571	
   1.7411501e+08	       1.0695849	       1.0712157	       1.0823190	       1.0871029	       1.1033217	       1.0991218	       1.0969236	       1.0878143	
   1.7419501e+08	       1.0681175	       1.0747552	       1.0850554	       1.0907734	       1.1023514	       1.0979730	       1.0983367	       1.0887026	
   1.7427501e+08	       1.0727844	       1.0742534	       1.0836479	       1.0855138	       1.1000025	       1.0995414	       1.0986271	       1.0876853	
   1.7435501e+08	       1.0713358	       1.0769679	       1.0852216	       1.0867196	       1.0970232	       1.1004552	       1.0936865	       1.0889740	
   1.7443501e+08	       1.0707651	       1.0747508	       1.0882188	       1.0879185	       1.0989432	       1.0982252	       1.0946751	       1.0896063	
   1.7451501e+08	       1.0697496	       1.0747132	       1.0876420	       1.0839493	       1.0984350	       1.0955770	       1.0965786	       1.0893730	
   1.7459501e+08	       1.0679774	       1.0732200	       1.0830123	       1.0817921	       1.0985657	       1.0931276	       1.0951000	       1.0912800	
   1.7467501e+08	       1.0555022	       1.0587383	       1.0638774	       1.0657134	       1.0811421	       1.0764011	       1.0861222	       1.0729338	
   1.7475501e+08	       0.0000000	       0.0000000	       0.0000000	       0.0000000	       0.0000000	       0.0000000	       0.0000000	       0.0000000	
   1.7483501e+08	       0.0000000	       0.0000000	       0.0000000	       0.0000000	       0.0000000	       0.0000000	       0.0000000	       0.0000000	
   1.7491501e+08	       1.0497633	       1.0510971	       1.0588388	       1.0609742	       1.0777979	       1.0720998	       1.0759495	       1.0709488	
   1.7499501e+08	       1.0692995	       1.0697500	       1.0775078	       1.0802451	       1.0947442	       1.0916112	       1.1002328	       1.0882505	
   1.7507501e+08	       1.0710412	       1.0699730	       1.0807635	       1.0821475	       1.0926361	       1.0916195	       1.1005548	       1.0885652	
   1.7515501e+08	       1.0708886	       1.0691023	       1.0843149	       1.0814931	       1.0916429	       1.0887237	       1.0956885	       1.0923843	
   1.7523501e+08	       1.0677368	       1.0711135	       1.0827127	       1.0843979	       1.0908514	       1.0864657	       1.0923053	       1.0862294	
   1.7531501e+08	       1.0632274	       1.0673143	       1.0842803	       1.0819176	       1.0907991	       1.0861113	       1.0927382	       1.0854236	
   1.7539501e+08	       1.0638979	       1.0678760	       1.0843882	       1.0817643	       1.0867595	       1.0813542	       1.0925133	       1.0849588	
   1.7547501e+08	       1.0660964	       1.0694627	       1.0850113	       1.0788214	       1.0888356	       1.0844778	       1.0948908	       1.0899883	
   1.7555501e+08	       1.0645627	       1.0662732	       1.0783821	       1.0786787	       1.0843392	       1.0856093	       1.0887705	       1.0860163	
   1.7563501e+08	       1.0641790	       1.0677697	       1.0753043	       1.0789318	       1.0858621	       1.0867793	       1.0870148	       1.0860597	
   1.7571501e+08	       1.0637461	       1.0672372	       1.0730915	       1.0756275	       1.0860987	       1.0838958	       1.0827777	       1.0799613	
   1.7579501e+08	       1.0631726	       1.0671704	       1.0743312	       1.0765413	       1.0836132	       1.0820393	       1.0844484	       1.0789966	
   1.7587501e+08	       1.0622292	       1.0684601	       1.0733598	       1.0770666	       1.0823831	       1.0785772	       1.0795140	       1.0815045	
   1.7595501e+08	       1.0471444	       1.0489834	       1.0637308	       1.0606995	       1.0629142	       1.0652185	       1.0623047	       1.0678065	
   1.7603501e+08	       0.0000000	       0.0000000	       0.0000000	       0.0000000	       0.0000000	       0.0000000	       0.0000000	       0.0000000	
   1.7611501e+08	       0.0000000	       0.0000000	       0.0000000	       0.0000000	       0.0000000	       0.0000000	       0.0000000	       0.0000000	
   1.7619501e+08	       1.0423915	       1.0413514	       1.0538493	       1.0522460	       1.0611576	       1.0597262	       1.0596931	       1.0629138	
   1.7627501e+08	       1.0599321	       1.0606141	       1.0704284	       1.0703725	       1.0809494	       1.0785689	       1.0801556	       1.0803763	
   1.7635501e+08	       1.0615522	       1.0612145	       1.0714234	       1.0671734	       1.0792734	       1.0773687	       1.0800413	       1.0774644	
   1.7643501e+08	       1.0594233	       1.0579411	       1.0652510	       1.0679013	       1.0786850	       1.0787950	       1.0737271	       1.0757421	
   1.7651501e+08	       1.0586462	       1.0567306	       1.0647686	       1.0651811	       1.0726280	       1.0762583	       1.0732506	       1.0707596	
   1.7659501e+08	       1.0563474	       1.0597739	       1.0660978	       1.0678402	       1.0733611	       1.0770818	       1.0688895	       1.0716627	
   1.7667501e+08	       1.0578693	       1.0591730	       1.0647699	       1.0698847	       1.0737725	       1.0725407	       1.0726801	       1.0717468	
   1.7675501e+08	       1.0562442	       1.0598706	       1.0694620	       1.0686575	       1.0733485	       1.0740993	       1.0649163	       1.0668228	
   1.7683501e+08	       1.0546804	       1.0614345	       1.0691399	       1.0673390	       1.0745577	       1.0705299	       1.0643013	       1.0674882	
   1.7691501e+08	       1.0539189	       1.0568483	       1.0676935	       1.0671535	       1.0712152	       1.0712434	       1.0665189	       1.0602029	
   1.7699501e+08	       1.0514793	       1.0627575	       1.0660421	       1.0674632	       1.0708657	       1.0729466	       1.0632407	       1.0642483	
   1.7707501e+08	       1.0539937	       1.0585523	       1.0652121	       1.0659934	       1.0668256	       1.0694928	       1.0646929	       1.0635608	
   1.7715501e+08	       1.0523659	       1.0604139	       1.0604399	       1.0648206	       1.0671126	       1.0693368	       1.0597596	       1.0582541	
   1.7723501e+08	       1.0358328	       1.0441738	       1.0438044	       1.0479424	       1.0535446	       1.0521427	       1.0522196	       1.0482130	
   1.7731501e+08	       0.0000000	       0.0000000	       0.0000000	       0.0000000	       0.0000000	       0.0000000	       0.0000000	       0.0000000	
   1.7739501e+08	       0.0000000	       0.0000000	       0.0000000	       0.0000000	       0.0000000	       0.0000000	       0.0000000	       0.0000000	
   1.7747501e+08	       1.0298508	       1.0330955	       1.0378801	       1.0410667	       1.0411757	       1.0446245	       1.0469854	       1.0420027	
   1.7755501e+08	       1.0485613	       1.0527263	       1.0595389	       1.0611293	       1.0599214	       1.0595540	       1.0620339	       1.0632210	
   1.7763501e+08	       1.0501667	       1.0519510	       1.0587217	       1.0577930	       1.0573929	       1.0633622	       1.0638401	       1.0603356	
   1.7771501e+08	       1.0481577	       1.0515341	       1.0612519	       1.0573929	       1.0596248	       1.0608898	       1.0625382	       1.0601813	
   1.7779501e+08	       1.0475702	       1.0478781	       1.0595219	       1.0568554	       1.0561157	       1.0561537	       1.0566530	       1.0583162	
   1.7787501e+08	       1.0472496	       1.0498665	       1.0584806	       1.0545062	       1.0590532	       1.0573369	       1.0551710	       1.0572049	
   1.7795501e+08	       1.0444314	       1.0478796	       1.0538001	       1.0546327	       1.0566787	       1.0558995	       1.0508145	       1.0573933	
   1.7803501e+08	       1.0418443	       1.0490421	       1.0499858	       1.0536973	       1.0589312	       1.0576328	       1.0594403	       1.0539982	
   1.7811501e+08	       1.0447955	       1.0513007	       1.0450411	       1.0521681	       1.0536373	       1.0572412	       1.0552699	       1.0543558	
   1.7819501e+08	       1.0415450	       1.0500969	       1.0479934	       1.0515316	       1.0547811	       1.0554567	       1.0557754	       1.0566685	
   1.7827501e+08	       1.0426233	       1.0493493	       1.0471835	       1.0507620	       1.0540624	       1.0531564	       1.0601089	       1.0543642	
   1.7835501e+08	       1.0412956	       1.0500477	       1.0475180	       1.0530081	       1.0511649	       1.0503559	       1.0581287	       1.0503866	
   1.7843501e+08	       1.0423057	       1.0474276	       1.0511622	       1.0496318	       1.0489884	       1.0491163	       1.0481482	       1.0465580	
   1.7851501e+08	       1.0221556	       1.0309674	       1.0341771	       1.0361162	       1.0343325	       1.0328387	       1.0349214	       1.0340262	
   1.7859501e+08	       0.0000000	       0.0000000	       0.0000000	       0.0000000	       0.0000000	       0.0000000	       0.0000000	       0.0000000	
   1.7867501e+08	       0.0000000	       0.0000000	       0.0000000	       0.0000000	       0.0000000	       0.0000000	       0.0000000	       0.0000000	
   1.7875501e+08	       1.0185668	       1.0195480	       1.0229947	       1.0256888	       1.0260077	       1.0240657	       1.0308573	       1.0258808	
   1.7883501e+08	       1.0367506	       1.0400939	       1.0407701	       1.0426811	       1.0455012	       1.0448954	       1.0461350	       1.0481634	
   1.7891501e+08	       1.0357293	       1.0349120	       1.0400995	       1.0425123	       1.0489273	       1.0445745	       1.0429845	       1.0489216	
   1.7899501e+08	       1.0371323	       1.0369472	       1.0365829	       1.0418897	       1.0475152	       1.0419889	       1.0476611	       1.0509758	
   1.7907501e+08	       1.0353089	       1.0366008	       1.0410638	       1.0418378	       1.0440386	       1.0418672	       1.0449152	       1.0463611	
   1.7915501e+08	       1.0331749	       1.0347750	       1.0410117	       1.0421620	       1.0441956	       1.0414004	       1.0429368	       1.0444829	
   1.7923501e+08	       1.0308458	       1.0354552	       1.0429915	       1.0447625	       1.0437364	       1.0390563	       1.0437539	       1.0426094	
   1.7931501e+08	       1.0286749	       1.0343870	       1.0426532	       1.0422089	       1.0431730	       1.0385350	       1.0524026	       1.0449081	
   1.7939501e+08	       1.0296692	       1.0361078	       1.0424342	       1.0428172	       1.0395826	       1.0385157	       1.0461498	       1.0440013	
   1.7947501e+08	       1.0309747	       1.0337112	       1.0378677	       1.0390893	       1.0421812	       1.0374093	       1.0449793	       1.0481098	
   1.7955501e+08	       1.0294829	       1.0357830	       1.0337130	       1.0375843	       1.0372343	       1.0355932	       1.0449892	       1.0430304	
   1.7963501e+08	       1.0305094	       1.0370665	       1.0332203	       1.0346500	       1.0354094	       1.0333327	       1.0452831	       1.0474175	
   1.7971501e+08	       1.0268493	       1.0393414	       1.0306563	       1.0349861	       1.0338211	       1.0311344	       1.0424615	       1.0435936	
   1.7979501e+08	       1.0158851	       1.0215149	       1.0160852	       1.0188101	       1.0189732	       1.0145214	       1.0281723	       1.0263986	
   1.7987501e+08	       0.0000000	       0.0000000	       0.0000000	       0.0000000	       0.0000000	       0.0000000	       0.0000000	       0.0000000	
   1.7995501e+08	       0.0000000	       0.0000000	       0.0000000	       0.0000000	       0.0000000	       0.0000000	       0.0000000	       0.0000000	
   1.8003501e+08	       1.0125663	       1.0138339	       1.0137697	       1.0122820	       1.0146606	       1.0139315	       1.0182870	       1.0189400	
   1.8011501e+08	       1.0302311	       1.0319773	       1.0340358	       1.0322233	       1.0334484	       1.0315634	       1.0329063	       1.0412634	
   1.8019501e+08	       1.0308172	       1.0315244	       1.0333490	       1.0330909	       1.0322247	       1.0302982	       1.0283025	       1.0389517	
   1.8027501e+08	       1.0315189	       1.0277527	       1.0307277	       1.0313881	       1.0291772	       1.0292468	       1.0318211	       1.0381791	
   1.8035501e+08	       1.0296577	       1.0267840	       1.0249326	       1.0303997	       1.0297240	       1.0273695	       1.0308337	       1.0415988	
   1.8043501e+08	       1.0279607	       1.0264544	       1.0229820	       1.0315578	       1.0262044	       1.0263286	       1.0284988	       1.0330883	
   1.8051501e+08	       1.0240013	       1.0226470	       1.0233599	       1.0311220	       1.0244471	       1.0266240	       1.0277203	       1.0345733	
   1.8059501e+08	       1.0234501	       1.0241314	       1.0238832	       1.0281333	       1.0255944	       1.0260695	       1.0205408	       1.0409814	
   1.8067501e+08	       1.0249556	       1.0281715	       1.0237087	       1.0285749	       1.0226291	       1.0228229	       1.0318803	       1.0357343	
   1.8075501e+08	       1.0238051	       1.0260721	       1.0259132	       1.0308262	       1.0216917	       1.0244167	       1.0247649	       1.0268022	
   1.8083501e+08	       1.0244945	       1.0296441	       1.0281310	       1.0321359	       1.0190072	       1.0231516	       1.0236960	       1.0291902	
   1.8091501e+08	       1.0250467	       1.0294104	       1.0279615	       1.0305256	       1.0214366	       1.0252626	       1.0254697	       1.0309107	
   1.8099501e+08	       1.0241756	       1.0285743	       1.0254518	       1.0296117	       1.0204264	       1.0201999	       1.0237560	       1.0263559	
   1.8107501e+08	       1.0079805	       1.0137716	       1.0104982	       1.0124353	       1.0038050	       1.0061653	       1.0110818	       1.0146423	
   1.8115501e+08	       0.0000000	       0.0000000	       0.0000000	       0.0000000	       0.0000000	       0.0000000	       0.0000000	       0.0000000	
   1.8123501e+08	       0.0000000	       0.0000000	       0.0000000	       0.0000000	       0.0000000	       0.0000000	       0.0000000	       0.0000000	
   1.8131501e+08	       1.0037413	       1.0066977	      0.99978827	       1.0057283	      0.99452021	       1.0006337	       1.0035139	       1.0083960	
   1.8139501e+08	       1.0242691	       1.0250265	       1.0177522	       1.0250958	       1.0146971	       1.0171690	       1.0238619	       1.0273774	
   1.8147501e+08	       1.0280609	       1.0224680	       1.0199249	       1.0265527	       1.0132428	       1.0177466	       1.0201174	       1.0255082	
   1.8155501e+08	       1.0243502	       1.0230237	       1.0259281	       1.0305295	       1.0157569	       1.0160072	       1.0194451	       1.0180310	
   1.8163501e+08	       1.0228948	       1.0220656	       1.0257467	       1.0296875	       1.0134322	       1.0132299	       1.0168506	       1.0174222	
   1.8171501e+08	       1.0227256	       1.0214168	       1.0265064	       1.0307723	       1.0110356	       1.0149099	       1.0144584	       1.0214513	
   1.8179501e+08	       1.0197519	       1.0190800	       1.0254986	       1.0251231	       1.0091880	       1.0154740	       1.0108885	       1.0179120	
   1.8187501e+08	       1.0180250	       1.0169014	       1.0231438	       1.0236588	       1.0104417	       1.0130349	       1.0174185	       1.0142444	
   1.8195501e+08	       1.0186175	       1.0177242	       1.0187566	       1.0228409	       1.0124923	       1.0142700	       1.0097316	       1.0100036	
   1.8203501e+08	       1.0147795	       1.0181878	       1.0163175	       1.0239548	       1.0092175	       1.0107257	       1.0063400	       1.0124308	
   1.8211501e+08	       1.0161840	       1.0166409	       1.0166695	       1.0226164	       1.0083562	       1.0125539	       1.0046747	       1.0114356	
   1.8219501e+08	       1.0151683	       1.0210960	       1.0167761	       1.0212524	       1.0058762	       1.0087308	       1.0029763	       1.0072079	
   1.8227501e+08	       1.0176880	       1.0205291	       1.0175871	       1.0236014	       1.0047553	       1.0102867	       1.0014465	       1.0070318	
   1.8235501e+08	       1.0025754	       1.0062075	       1.0070393	       1.0084412	      0.98932317	      0.99157953	      0.99468986	      0.99518881	
   1.8243501e+08	       0.0000000	       0.0000000	       0.0000000	       0.0000000	       0.0000000	       0.0000000	       0.0000000	       0.0000000	
   1.8251501e+08	       0.0000000	       0.0000000	       0.0000000	       0.0000000	       0.0000000	       0.0000000	       0.0000000	       0.0000000	
   1.8259501e+08	      0.99821015	       1.0013369	       1.0043625	       1.0061736	      0.98326711	      0.98780564	      0.98971550	      0.98849144	
   1.8267501e+08	       1.0233678	       1.0186689	       1.0211563	       1.0236223	       1.0039124	       1.0065205	       1.0048748	       1.0045955	
   1.8275501e+08	       1.0204616	       1.0187894	       1.0188800	       1.0207021	       1.0024438	       1.0074307	       1.0074903	       1.0083020	
   1.8283501e+08	       1.0199376	       1.0179211	       1.0165522	       1.0197955	       1.0052337	       1.0064601	       1.0077608	       1.0053614	
   1.8291501e+08	       1.0210595	       1.0142698	       1.0144457	       1.0181068	       1.0030618	       1.0053491	       1.0054890	       1.0048631	
   1.8299501e+08	       1.0193180	       1.0161367	       1.0123328	       1.0163116	       1.0023587	       1.0018277	       1.0107519	       1.0124008	
   1.8307501e+08	       1.0183856	       1.0125849	       1.0137474	       1.0200000	       1.0032140	       1.0022114	       1.0071330	       1.0118683	
   1.8315501e+08	       1.0153468	       1.0172393	       1.0194066	       1.0186676	       1.0049696	       1.0000952	       1.0103169	       1.0129787	
   1.8323501e+08	       1.0184511	       1.0149190	       1.0191016	       1.0218556	       1.0002507	       1.0017839	       1.0045742	       1.0028769	
   1.8331501e+08	       1.0170568	       1.0179256	       1.0175433	       1.0163822	      0.99844811	       1.0000321	      0.99806423	       1.0038908	
   1.8339501e+08	       1.0161243	       1.0173075	       1.0156247	       1.0174653	      0.99780694	      0.99847062	       1.0018321	       1.0082008	
   1.8347501e+08	       1.0157652	       1.0188097	       1.0150309	       1.0149893	      0.99736697	      0.99658848	       1.0012445	       1.0052608	
   1.8355501e+08	       1.0141371	       1.0151361	       1.0119973	       1.0131815	      0.99863296	      0.99866958	      0.99760546	       1.0001425	
   1.8363501e+08	      0.99732581	       1.0015490	      0.99371558	      0.99925333	      0.98386630	      0.98395933	      0.97743003	      0.98482943	
   1.8371501e+08	       0.0000000	       0.0000000	       0.0000000	       0.0000000	       0.0000000	       0.0000000	       0.0000000	       0.0000000	
   1.8379501e+08	       0.0000000	       0.0000000	       0.0000000	       0.0000000	       0.0000000	       0.0000000	       0.0000000	       0.0000000	
   1.8387501e+08	      0.99387900	      0.99721645	      0.98981842	      0.99465809	      0.97555687	      0.97709891	      0.97757311	      0.98420495	
   1.8395501e+08	       1.0139329	       1.0168817	       1.0090649	       1.0123385	      0.99357015	      0.99785007	       1.0028253	       1.0045199	
   1.8403501e+08	       1.0160562	       1.0162017	       1.0126011	       1.0162735	      0.99404262	      0.99450881	       1.0020674	       1.0097279	
   1.8411501e+08	       1.0169062	       1.0134552	       1.0138400	       1.0138986	      0.99203399	      0.99381515	       1.0034396	       1.0099339	
   1.8419501e+08	       1.0145938	       1.0136213	       1.0130481	       1.0151922	      0.99473598	      0.99456848	      0.99862908	       1.0083421	
   1.8427501e+08	       1.0125541	       1.0102369	       1.0122045	       1.0132531	      0.99191173	      0.99486948	       1.0035430	       1.0044105	
   1.8435501e+08	       1.0116538	       1.0076847	       1.0085899	       1.0128822	      0.98970382	      0.99241317	      0.99683287	       1.0033847	
   1.8443501e+08	       1.0099786	       1.0091886	       1.0073029	       1.0113745	      0.99291490	      0.99274334	      0.99368436	       1.0039537	
   1.8451501e+08	       1.0102308	       1.0123892	       1.0054854	       1.0116764	      0.99094057	      0.99042071	      0.99671356	       1.0020690	
   1.8459501e+08	       1.0085437	       1.0095846	       1.0049347	       1.0099490	      0.98860660	      0.99130441	      0.99469523	       1.0035153	
   1.8467501e+08	       1.0089712	       1.0141478	       1.0046758	       1.0115409	      0.98892730	      0.98922664	      0.99635220	      0.99727649	
   1.8475501e+08	       1.0090104	       1.0150503	       1.0083700	       1.0114107	      0.98670553	      0.98878253	      0.99621068	      0.99846199	
   1.8483501e+08	       1.0090432	       1.0143363	       1.0080804	       1.0107803	      0.98469625	      0.98802458	      0.99314261	      0.99852168	
   1.8491501e+08	      0.99495559	       1.0026785	      0.99296118	      0.99579008	      0.97030869	      0.97339858	      0.98334796	      0.98790596	
   1.8499501e+08	       0.0000000	       0.0000000	       0.0000000	       0.0000000	       0.0000000	       0.0000000	       0.0000000	       0.0000000	
   1.8507501e+08	       0.0000000	       0.0000000	       0.0000000	       0.0000000	       0.0000000	       0.0000000	       0.0000000	       0.0000000	
   1.8515501e+08	      0.99023501	      0.99383358	      0.98671015	      0.98653765	      0.96225225	      0.96829799	      0.97493525	      0.97994553	
   1.8523501e+08	       1.0105007	       1.0139640	       1.0035690	       1.0071351	      0.98377905	      0.98650778	      0.99720154	      0.99957796	
   1.8531501e+08	       1.0088029	       1.0125247	       1.0050973	       1.0054874	      0.98333547	      0.98317926	      0.99288839	       1.0019952	
   1.8539501e+08	       1.0090784	       1.0122399	       1.0025202	       1.0038061	      0.98063026	      0.98276758	      0.99212233	      0.99932096	
   1.8547501e+08	       1.0081906	       1.0068252	       1.0052447	       1.0070766	      0.98038113	      0.98356183	      0.98893481	      0.99398150	
   1.8555501e+08	       1.0034925	       1.0060146	       1.0074645	       1.0086930	      0.98001447	      0.98158204	      0.98604851	      0.99079302	
   1.8563501e+08	       1.0034105	       1.0033077	       1.0105623	       1.0054117	      0.97769727	      0.98124169	      0.98565734	      0.99004739	
   1.8571501e+08	       1.0030215	       1.0023521	       1.0097424	       1.0069672	      0.97709290	      0.98330342	      0.98178414	      0.99442395	
   1.8579501e+08	      0.99911891	       1.0023278	       1.0057141	       1.0040427	      0.98212084	      0.98232405	      0.98136465	      0.98704785	
   1.8587501e+08	      0.99916114	       1.0015732	       1.0045407	       1.0052922	      0.97898140	      0.98327243	      0.98374464	      0.98417517	
   1.8595501e+08	      0.99787904	       1.0056936	       1.0002829	       1.0016805	      0.97606436	      0.97823056	      0.98371310	      0.98632342	
   1.8603501e+08	      0.99465202	       1.0057995	      0.99761441	       1.0020558	      0.97590365	      0.97923408	      0.98165304	      0.99055079	
   1.8611501e+08	      0.99959374	       1.0057547	      0.99427854	      0.99916721	      0.97269545	      0.97899739	      0.97674292	      0.98655407	
   1.8619501e+08	      0.98293698	      0.99213512	      0.97721837	      0.98093379	      0.96228528	      0.96468963	      0.96580870	      0.97196603	
   1.8627501e+08	       0.0000000	       0.0000000	       0.0000000	       0.0000000	       0.0000000	       0.0000000	       0.0000000	       0.0000000	
   1.8635501e+08	       0.0000000	       0.0000000	       0.0000000	       0.0000000	       0.0000000	       0.0000000	       0.0000000	       0.0000000	
   1.8643501e+08	      0.97845575	      0.98929405	      0.97739141	      0.97811945	      0.95403851	      0.95700025	      0.96169382	      0.97473441	
   1.8651501e+08	      0.99991231	       1.0102106	      0.99574781	      0.99538163	      0.97579186	      0.97567062	      0.98260798	      0.98743859	
   1.8659501e+08	       1.0035805	       1.0106942	      0.99849300	      0.99396340	      0.97208145	      0.97443542	      0.97807135	      0.98629575	
   1.8667501e+08	       1.0012325	       1.0070296	      0.99514636	      0.99582633	      0.96999183	      0.97521007	      0.97793735	      0.98322932	
   1.8675501e+08	       1.0043547	       1.0058330	      0.99265576	      0.99491168	      0.96817587	      0.97402553	      0.97228921	      0.97983919	
   1.8683501e+08	      0.99777807	       1.0009494	      0.98834433	      0.98962085	      0.96896618	      0.97005686	      0.97493155	      0.98544759	
   1.8691501e+08	      0.99656268	       1.0006824	      0.98690584	      0.98950270	      0.96936034	      0.97060985	      0.97400899	      0.98070275	
   1.8699501e+08	      0.99191773	      0.99409240	      0.98632023	      0.99039653	      0.96813924	      0.97057364	      0.97732360	      0.98633302	
   1.8707501e+08	      0.99188875	      0.99794733	      0.98650257	      0.98789136	      0.96774363	      0.96775689	      0.97561077	      0.98385033	
   1.8715501e+08	      0.98770688	      0.99478652	      0.98874160	      0.98953938	      0.96626230	      0.96723657	      0.97747348	      0.97937720	
   1.8723501e+08	      0.98745582	      0.99445133	      0.98897210	      0.98972288	      0.96542237	      0.96513918	      0.97448404	      0.98320796	
   1.8731501e+08	      0.98806045	      0.99547805	      0.99321820	      0.98951813	      0.96583877	      0.96659796	      0.97376293	      0.98175129	
   1.8739501e+08	      0.98728888	      0.99615374	      0.98998079	      0.98642643	      0.96189539	      0.96449235	      0.97318292	      0.97359209	
   1.8747501e+08	      0.97147203	      0.97969519	      0.97154770	      0.97239601	      0.94885418	      0.95117945	      0.95587655	      0.95868552	
   1.8755501e+08	       0.0000000	       0.0000000	       0.0000000	       0.0000000	       0.0000000	       0.0000000	       0.0000000	       0.0000000	
   1.8763501e+08	       0.0000000	       0.0000000	       0.0000000	       0.0000000	       0.0000000	       0.0000000	       0.0000000	       0.0000000	
   1.8771501e+08	      0.94076695	      0.93834197	      0.91648843	      0.91437058	      0.91917576	      0.91373197	      0.91650288	      0.91688193	
   1.8779501e+08	      0.94611187	      0.94005171	      0.91546873	      0.90943994	      0.92329242	      0.91760405	      0.92130255	      0.91896286	
   1.8787501e+08	      0.94041195	      0.93593348	      0.91086224	      0.90445406	      0.91927082	      0.91075366	      0.91460069	      0.90761245	
   1.8795501e+08	      0.94022086	      0.93161353	      0.91229041	      0.90315673	      0.91874332	      0.90898509	      0.90973630	      0.91049455	
   1.8803501e+08	      0.93940070	      0.93173095	      0.91080581	      0.90244477	      0.91415892	      0.90843971	      0.91156027	      0.90686179	
   1.8811501e+08	      0.94183511	      0.92875815	      0.90997382	      0.90099799	      0.91561093	      0.90780543	      0.90753420	      0.90925192	
   1.8819501e+08	      0.93892467	      0.92528680	      0.91157817	      0.90102551	      0.91110458	      0.90499072	      0.90702752	      0.90728834	
   1.8827501e+08	      0.93478724	      0.92777560	      0.91153489	      0.90300161	      0.91212342	      0.90551068	      0.91474529	      0.91324190	
   1.8835501e+08	      0.93381478	      0.92146221	      0.90673112	      0.89953551	      0.91031706	      0.90327170	      0.90885829	      0.90560681	
   1.8843501e+08	      0.93067721	      0.92589703	      0.90314662	      0.89636119	      0.91147440	      0.90309462	      0.90766338	      0.90777261	
   1.8851501e+08	      0.93255450	      0.92390104	      0.90521545	      0.89774714	      0.90961853	      0.90328596	      0.90779537	      0.90446962	
   1.8859501e+08	      0.93011824	      0.92172304	      0.90285810	      0.89752834	      0.90643522	      0.90410124	      0.90829392	      0.90015774	
   1.8867501e+08	      0.93491246	      0.93028059	      0.90952783	      0.90308265	      0.91163660	      0.90447578	      0.91294235	      0.90791152	
   1.8875501e+08	      0.93104298	      0.93036432	      0.91277414	      0.90871748	      0.90613198	      0.90428297	      0.91248998	      0.91345941	
   1.8883501e+08	       0.0000000	       0.0000000	       0.0000000	       0.0000000	       0.0000000	       0.0000000	       0.0000000	       0.0000000	
   1.8891501e+08	       0.0000000	       0.0000000	       0.0000000	       0.0000000	       0.0000000	       0.0000000	       0.0000000	       0.0000000	
   1.8899501e+08	      0.93199343	      0.93322425	      0.91488370	      0.90979178	      0.90287434	      0.90265082	      0.91320928	      0.90999582	
   1.8907501e+08	      0.93674284	      0.93623458	      0.91656637	      0.90908601	      0.90986630	      0.90412590	      0.91466573	      0.91067588	
   1.8915501e+08	      0.93349939	      0.92949049	      0.90644273	      0.89941513	      0.90301475	      0.90033263	      0.90776632	      0.90703093	
   1.8923501e+08	      0.93152022	      0.92732520	      0.90465143	      0.89843514	      0.90256240	      0.89968277	      0.90315128	      0.90534413	
   1.8931501e+08	      0.93284752	      0.92612531	      0.90203553	      0.89676948	      0.90362070	      0.89972701	      0.90257473	      0.90449713	
   1.8939501e+08	      0.93063677	      0.92125010	      0.90275234	      0.89540588	      0.90443399	      0.89936944	      0.90024747	      0.90860002	
   1.8947501e+08	      0.92882849	      0.92246637	      0.90030053	      0.89362063	      0.90083753	      0.89773825	      0.90412907	      0.90089820	
   1.8955501e+08	      0.92653480	      0.92064446	      0.90010249	      0.89653107	      0.90242619	      0.89597543	      0.90440506	      0.90145008	
   1.8963501e+08	      0.92388018	      0.91704466	      0.90273828	      0.89350977	      0.90188242	      0.89771833	      0.90018284	      0.90166050	
   1.8971501e+08	      0.92317234	      0.91703828	      0.90344343	      0.89424297	      0.90018051	      0.89607017	      0.89696730	      0.89890833	
   1.8979501e+08	      0.92222661	      0.91570030	      0.90253269	      0.89503100	      0.89938032	      0.89338482	      0.89792415	      0.90160228	
   1.8987501e+08	      0.92140635	      0.91414344	      0.90055050	      0.89138380	      0.90034049	      0.89424611	      0.89963326	      0.89678260	
   1.8995501e+08	      0.92178017	      0.91956815	      0.90311291	      0.89711597	      0.90259609	      0.89674248	      0.90200388	      0.90170249	
   1.9003501e+08	      0.91766112	      0.91803953	      0.90121058	      0.89962694	      0.89801121	      0.89715531	      0.89874991	      0.90330294	
   1.9011501e+08	       0.0000000	       0.0000000	       0.0000000	       0.0000000	       0.0000000	       0.0000000	       0.0000000	       0.0000000	
   1.9019501e+08	       0.0000000	       0.0000000	       0.0000000	       0.0000000	       0.0000000	       0.0000000	       0.0000000	       0.0000000	
   1.9027501e+08	      0.91898945	      0.92011656	      0.89937998	      0.89817953	      0.89370498	      0.89662263	      0.89719379	      0.90066975	
   1.9035501e+08	      0.92584192	      0.92632216	      0.90273348	      0.89955511	      0.90102226	      0.89964860	      0.89901548	      0.90383587	
   1.9043501e+08	      0.92411031	      0.92247848	      0.89829988	      0.89380813	      0.89636884	      0.89413201	      0.89572990	      0.89865846	
   1.9051501e+08	      0.92449283	      0.92238601	      0.89998436	      0.89318214	      0.89792882	      0.89516725	      0.89449834	      0.89533880	
   1.9059501e+08	      0.92376131	      0.91733084	      0.89901370	      0.89692444	      0.89740501	      0.89245294	      0.89678584	      0.89422070	
   1.9067501e+08	      0.92032356	      0.91658289	      0.89563510	      0.89225871	      0.89464507	      0.89306189	      0.89463279	      0.89532264	
   1.9075501e+08	      0.91787179	      0.91388783	      0.89423390	      0.89095991	      0.89124818	      0.89090552	      0.89250189	      0.89278193	
   1.9083501e+08	      0.92170660	      0.90913382	      0.89190728	      0.89031308	      0.89481964	      0.89217902	      0.89029058	      0.89234555	
   1.9091501e+08	      0.91773699	      0.91053722	      0.89107565	      0.89080356	      0.89206306	      0.89281170	      0.89117823	      0.89188288	
   1.9099501e+08	      0.91351381	      0.91164464	      0.88946126	      0.88925144	      0.89270777	      0.89049368	      0.88753338	      0.89209664	
   1.9107501e+08	      0.91309558	      0.90863343	      0.88835685	      0.88814329	      0.89274063	      0.89106633	      0.88680208	      0.88899942	
   1.9115501e+08	      0.91316637	      0.91014525	      0.89003077	      0.88995982	      0.89155765	      0.89110233	      0.88788152	      0.88757918	
   1.9123501e+08	      0.91546371	      0.91212530	      0.89601934	      0.89447761	      0.89309498	      0.89166278	      0.88829088	      0.89007167	
   1.9131501e+08	      0.91152565	      0.91285719	      0.89723287	      0.89668155	      0.88923428	      0.89029806	      0.88483476	      0.88682677	
   1.9139501e+08	       0.0000000	       0.0000000	       0.0000000	       0.0000000	       0.0000000	       0.0000000	       0.0000000	       0.0000000	
   1.9147501e+08	       0.0000000	       0.0000000	       0.0000000	       0.0000000	       0.0000000	       0.0000000	       0.0000000	       0.0000000	
   1.9155501e+08	      0.91040879	      0.91408114	      0.89421045	      0.89659891	      0.88352304	      0.88651711	      0.88393900	      0.88237516	
   1.9163501e+08	      0.91659101	      0.91855751	      0.89587430	      0.89433034	      0.88876909	      0.88878217	      0.88351170	      0.89398280	
   1.9171501e+08	      0.91353792	      0.91040598	      0.88754007	      0.88994030	      0.88806639	      0.88587579	      0.88532388	      0.88365299	
   1.9179501e+08	      0.91360246	      0.91199405	      0.88631243	      0.88781910	      0.88446628	      0.88628314	      0.88065474	      0.87821348	
   1.9187501e+08	      0.91390112	      0.90864228	      0.88551587	      0.88623072	      0.88402661	      0.88441653	      0.88169416	      0.88179954	
   1.9195501e+08	      0.91347315	      0.90800009	      0.88510244	      0.88826423	      0.88376268	      0.88516530	      0.87802571	      0.88037425	
   1.9203501e+08	      0.91208627	      0.90605658	      0.88960160	      0.88785894	      0.88339818	      0.88503058	      0.87980650	      0.88291543	
   1.9211501e+08	      0.90964384	      0.90388158	      0.88532112	      0.88810631	      0.88681782	      0.88480115	      0.89039620	      0.88637923	
   1.9219501e+08	      0.90633221	      0.90242888	      0.88791753	      0.88845378	      0.88159910	      0.88196705	      0.88191863	      0.88396841	
   1.9227501e+08	      0.90551443	      0.90016553	      0.88582517	      0.88602729	      0.88356222	      0.88068386	      0.88123919	      0.88119614	
   1.9235501e+08	      0.90384879	      0.89852525	      0.88626130	      0.88801247	      0.87887945	      0.88063237	      0.88235899	      0.88610189	
   1.9243501e+08	      0.90566212	      0.89780411	      0.88350271	      0.88455186	      0.88107375	      0.88254963	      0.88010589	      0.88291380	
   1.9251501e+08	      0.90785205	      0.90267398	      0.88366880	      0.88869619	      0.88066766	      0.88362961	      0.88027102	      0.88518617	
   1.9259501e+08	      0.90326594	      0.90412073	      0.88637065	      0.88930917	      0.87441793	      0.87950027	      0.88124151	      0.88108762	
   1.9267501e+08	       0.0000000	       0.0000000	       0.0000000	       0.0000000	       0.0000000	       0.0000000	       0.0000000	       0.0000000	
   1.9275501e+08	       0.0000000	       0.0000000	       0.0000000	       0.0000000	       0.0000000	       0.0000000	       0.0000000	       0.0000000	
   1.9283501e+08	      0.90290715	      0.90496347	      0.88947224	      0.89223839	      0.87327499	      0.87454014	      0.87429101	      0.87586787	
   1.9291501e+08	      0.91007615	      0.91371692	      0.89498447	      0.89443500	      0.88071467	      0.88250672	      0.88120796	      0.88455394	
   1.9299501e+08	      0.90858298	      0.90703751	      0.88685330	      0.88722995	      0.87967470	      0.87830678	      0.87489584	      0.88066988	
   1.9307501e+08	      0.90874478	      0.90812149	      0.88705378	      0.88403423	      0.87679769	      0.87744242	      0.87434086	      0.88049090	
   1.9315501e+08	      0.91155433	      0.90745445	      0.88417291	      0.88431406	      0.87627043	      0.87618032	      0.87299055	      0.87898696	
   1.9323501e+08	      0.91093177	      0.90222323	      0.88190522	      0.88373505	      0.87608434	      0.87416495	      0.87192980	      0.87724270	
   1.9331501e+08	      0.90661563	      0.90266381	      0.88028874	      0.88238016	      0.87533482	      0.87453068	      0.87228619	      0.87727270	
   1.9339501e+08	      0.90596741	      0.90013837	      0.87776371	      0.88247598	      0.87708288	      0.87546129	      0.87191096	      0.87967763	
   1.9347501e+08	      0.90477429	      0.89709722	      0.87866137	      0.88095081	      0.87337164	      0.87313944	      0.87313381	      0.87559858	
   1.9355501e+08	      0.90266938	      0.89468312	      0.87937492	      0.88111041	      0.87082913	      0.87413163	      0.87498299	      0.87443863	
   1.9363501e+08	      0.89973681	      0.89660329	      0.88102311	      0.88206223	      0.87177577	      0.87175736	      0.86854341	      0.87685150	
   1.9371501e+08	      0.89638265	      0.89418786	      0.87957868	      0.88235758	      0.87346573	      0.87375023	      0.86864057	      0.87546177	
   1.9379501e+08	      0.90192617	      0.89797623	      0.88540979	      0.88537716	      0.87321291	      0.87526491	      0.87583135	      0.87362035	
   1.9387501e+08	      0.89580581	      0.89815685	      0.88449400	      0.88485983	      0.86885707	      0.87114908	      0.87695278	      0.87998645	
   1.9395501e+08	       0.0000000	       0.0000000	       0.0000000	       0.0000000	       0.0000000	       0.0000000	       0.0000000	       0.0000000	
   1.9403501e+08	       0.0000000	       0.0000000	       0.0000000	       0.0000000	       0.0000000	       0.0000000	       0.0000000	       0.0000000	
   1.9411501e+08	      0.89738965	      0.90148200	      0.87948090	      0.88750259	      0.86715026	      0.86871144	      0.86791330	      0.87517231	
   1.9419501e+08	      0.90566997	      0.90691892	      0.88126543	      0.88583312	      0.87190218	      0.87968505	      0.88150443	      0.87917437	
   1.9427501e+08	      0.90075786	      0.90418141	      0.87676344	      0.88058159	      0.87259947	      0.87519332	      0.87730219	      0.87207138	
   1.9435501e+08	      0.90568529	      0.90199939	      0.87990089	      0.88384466	      0.87283773	      0.87266856	      0.87672209	      0.87568933	
   1.9443501e+08	      0.90441179	      0.90103255	      0.87880058	      0.88027673	      0.87283089	      0.87235899	      0.87676018	      0.87555391	
   1.9451501e+08	      0.90256011	      0.90111395	      0.87958932	      0.88183157	      0.86924368	      0.87304533	      0.87727257	      0.87433170	
   1.9459501e+08	      0.90278937	      0.89808459	      0.88037864	      0.88237602	      0.87129468	      0.87011872	      0.86957525	      0.87370870	
   1.9467501e+08	      0.90114671	      0.89702235	      0.87855590	      0.87872827	      0.87255096	      0.87279017	      0.87485649	      0.87966511	
   1.9475501e+08	      0.89909236	      0.89314975	      0.87910716	      0.88106861	      0.86951483	      0.87327845	      0.86998073	      0.87064123	
   1.9483501e+08	      0.89650934	      0.89455786	      0.87688366	      0.87729806	      0.86806514	      0.87287484	      0.87289211	      0.87260125	
   1.9491501e+08	      0.89568507	      0.89425675	      0.87555950	      0.87684092	      0.86854955	      0.87046265	      0.86918396	      0.87042167	
   1.9499501e+08	      0.89347484	      0.89131276	      0.87234958	      0.87426576	      0.86928643	      0.87208205	      0.86678057	      0.86593579	
   1.9507501e+08	      0.89556733	      0.89790564	      0.87873034	      0.88064645	      0.86977224	      0.87300485	      0.86710164	      0.86808105	
   1.9515501e+08	      0.89262571	      0.89474021	      0.87693276	      0.88169125	      0.86158915	      0.86823908	      0.86550160	      0.86939674	
   1.9523501e+08	       0.0000000	       0.0000000	       0.0000000	       0.0000000	       0.0000000	       0.0000000	       0.0000000	       0.0000000	
   1.9531501e+08	       0.0000000	       0.0000000	       0.0000000	       0.0000000	       0.0000000	       0.0000000	       0.0000000	       0.0000000	
   1.9539501e+08	      0.89727188	      0.89797881	      0.88052828	      0.87957395	      0.86075578	      0.86967279	      0.86338844	      0.86592214	
   1.9547501e+08	      0.90363541	      0.90626177	      0.88422189	      0.88222903	      0.86795983	      0.87361380	      0.87046525	      0.87319418	
   1.9555501e+08	      0.90050771	      0.90345733	      0.87870596	      0.87514689	      0.86657055	      0.87083673	      0.86984636	      0.87111025	
   1.9563501e+08	      0.89985128	      0.90393455	      0.87536422	      0.87624381	      0.86686604	      0.87062028	      0.86801498	      0.87145375	
   1.9571501e+08	      0.90547868	      0.90299012	      0.87367870	      0.87484073	      0.86248061	      0.86906408	      0.87126711	      0.86968390	
   1.9579501e+08	      0.90087561	      0.89975677	      0.87325123	      0.87476052	      0.86576933	      0.86816560	      0.87156598	      0.87514449	
   1.9587501e+08	      0.89992471	      0.89922735	      0.87275146	      0.87381894	      0.86419330	      0.86850100	      0.87020819	      0.87349814	
   1.9595501e+08	      0.89726448	      0.89470765	      0.87294403	      0.87551670	      0.86705668	      0.86851598	      0.87285226	      0.87684738	
   1.9603501e+08	      0.89842865	      0.89476466	      0.87300174	      0.87616365	      0.86667882	      0.86678508	      0.86390727	      0.87006452	
   1.9611501e+08	      0.89610657	      0.89041462	      0.87512247	      0.87594453	      0.86312295	      0.86750641	      0.86645361	      0.86521959	
   1.9619501e+08	      0.89441498	      0.89020474	      0.87503258	      0.87551102	      0.86230373	      0.86755414	      0.86478839	      0.86620501	
   1.9627501e+08	      0.89347719	      0.88959863	      0.87499963	      0.87564019	      0.86406792	      0.86688347	      0.86569763	      0.86653823	
   1.9635501e+08	      0.89518494	      0.89198825	      0.87600798	      0.87691082	      0.86418106	      0.86948552	      0.86650773	      0.86916868	
   1.9643501e+08	      0.88693793	      0.88695334	      0.87606865	      0.87707778	      0.85723393	      0.86502820	      0.86736597	      0.86635044	
   1.9651501e+08	       0.0000000	       0.0000000	       0.0000000	       0.0000000	       0.0000000	       0.0000000	       0.0000000	       0.0000000	
   1.9659501e+08	       0.0000000	       0.0000000	       0.0000000	       0.0000000	       0.0000000	       0.0000000	       0.0000000	       0.0000000	
   1.9667501e+08	      0.88637224	      0.89206249	      0.87149168	      0.87465328	      0.85565219	      0.86157097	      0.86236532	      0.86896623	
   1.9675501e+08	      0.89648690	      0.89631031	      0.87642875	      0.87847633	      0.86542303	      0.86718514	      0.86841571	      0.87417774	
   1.9683501e+08	      0.89232876	      0.89126175	      0.87371390	      0.87381594	      0.86273331	      0.86574086	      0.86208256	      0.86707765	
   1.9691501e+08	      0.89283797	      0.89289911	      0.87397269	      0.87568273	      0.86112749	      0.86364715	      0.86140380	      0.86425767	
   1.9699501e+08	      0.89268136	      0.89515784	      0.87632448	      0.87585912	      0.86049500	      0.86314831	      0.86084663	      0.86086582	
   1.9707501e+08	      0.89186630	      0.89283083	      0.87506072	      0.87333896	      0.86002756	      0.86410376	      0.85519209	      0.86351308	
   1.9715501e+08	      0.89180226	      0.89073522	      0.87288629	      0.87296632	      0.86213222	      0.86208889	      0.85718177	      0.86320983	
   1.9723501e+08	      0.88700452	      0.88959223	      0.87210868	      0.87437259	      0.85848665	      0.86210554	      0.86638609	      0.86180757	
   1.9731501e+08	      0.88792461	      0.88686491	      0.87180345	      0.87229870	      0.86095799	      0.85742184	      0.85952449	      0.86122001	
   1.9739501e+08	      0.88772287	      0.88421263	      0.87184772	      0.87220709	      0.86028563	      0.85903124	      0.85933277	      0.86431004	
   1.9747501e+08	      0.88436458	      0.88360437	      0.86976208	      0.87119180	      0.85896538	      0.85916526	      0.85562013	      0.86470054	
   1.9755501e+08	      0.88128343	      0.88278939	      0.86929421	      0.87178690	      0.85697018	      0.85925726	      0.86353641	      0.86662981	
   1.9763501e+08	      0.88467196	      0.88463152	      0.87452347	      0.87316527	      0.85700433	      0.86081780	      0.86231970	      0.86187233	
   1.9771501e+08	      0.87592587	      0.88124787	      0.87459183	      0.87419642	      0.85099859	      0.85172257	      0.85726484	      0.86110457	
   1.9779501e+08	       0.0000000	       0.0000000	       0.0000000	       0.0000000	       0.0000000	       0.0000000	       0.0000000	       0.0000000	
