1.389950e+08 0.998591 1.000567 0.955005 0.951234 0.991398 0.993621 0.971689 0.964822
1.390750e+08 0.998053 1.000186 0.954759 0.951375 0.991034 0.993189 0.971515 0.964685
1.391550e+08 0.997502 0.999785 0.954504 0.951496 0.990658 0.992749 0.971324 0.964537
1.392350e+08 0.996938 0.999365 0.954242 0.951599 0.990271 0.992303 0.971118 0.964379
1.393150e+08 0.996364 0.998926 0.953974 0.951684 0.989873 0.991850 0.970898 0.964211
1.393950e+08 0.995779 0.998470 0.953700 0.951751 0.989465 0.991392 0.970665 0.964036
1.394750e+08 0.995184 0.997996 0.953420 0.951803 0.989048 0.990930 0.970420 0.963854
1.395550e+08 0.994581 0.997507 0.953137 0.951838 0.988623 0.990464 0.970165 0.963666
1.396350e+08 0.993970 0.997002 0.952850 0.951859 0.988192 0.989995 0.969901 0.963472
1.397150e+08 0.993353 0.996483 0.952560 0.951867 0.987755 0.989524 0.969629 0.963275
1.397950e+08 0.992730 0.995952 0.952269 0.951861 0.987314 0.989052 0.969350 0.963075
1.398750e+08 0.992102 0.995408 0.951977 0.951843 0.986869 0.988581 0.969067 0.962873
1.399550e+08 0.991471 0.994853 0.951686 0.951814 0.986421 0.988110 0.968779 0.962670
1.400350e+08 0.990837 0.994287 0.951395 0.951775 0.985971 0.987641 0.968489 0.962467
1.401150e+08 0.990201 0.993713 0.951107 0.951726 0.985522 0.987174 0.968198 0.962266
1.401950e+08 0.989565 0.993131 0.950822 0.951670 0.985073 0.986711 0.967907 0.962066
1.402750e+08 0.988929 0.992542 0.950541 0.951606 0.984625 0.986253 0.967617 0.961871
1.403550e+08 0.988295 0.991948 0.950264 0.951536 0.984181 0.985800 0.967330 0.961679
1.404350e+08 0.987663 0.991349 0.949994 0.951462 0.983741 0.985354 0.967047 0.961494
1.405150e+08 0.987034 0.990747 0.949730 0.951383 0.983305 0.984915 0.966769 0.961315
1.405950e+08 0.986411 0.990142 0.949475 0.951301 0.982876 0.984484 0.966499 0.961143
1.406750e+08 0.985793 0.989536 0.949228 0.951218 0.982454 0.984062 0.966236 0.960980
1.407550e+08 0.985182 0.988931 0.948991 0.951134 0.982040 0.983650 0.965982 0.960827
1.408350e+08 0.984578 0.988327 0.948764 0.951051 0.981636 0.983249 0.965739 0.960684
1.409150e+08 0.983984 0.987725 0.948550 0.950969 0.981242 0.982861 0.965507 0.960553
1.409950e+08 0.983399 0.987127 0.948347 0.950890 0.980860 0.982485 0.965289 0.960435
1.410750e+08 0.982825 0.986534 0.948159 0.950815 0.980490 0.982122 0.965085 0.960331
1.411550e+08 0.982263 0.985946 0.947985 0.950745 0.980133 0.981774 0.964896 0.960240
1.412350e+08 0.981713 0.985366 0.947826 0.950680 0.979792 0.981441 0.964724 0.960166
1.413150e+08 0.981178 0.984795 0.947684 0.950623 0.979465 0.981125 0.964569 0.960107
1.413950e+08 0.980657 0.984232 0.947559 0.950574 0.979156 0.980825 0.964433 0.960066
1.414750e+08 0.980152 0.983681 0.947452 0.950535 0.978863 0.980543 0.964317 0.960043
1.415550e+08 0.979663 0.983141 0.947363 0.950505 0.978589 0.980280 0.964221 0.960039
1.416350e+08 0.979192 0.982614 0.947295 0.950488 0.978335 0.980035 0.964148 0.960054
1.417150e+08 0.978739 0.982101 0.947246 0.950482 0.978100 0.979811 0.964097 0.960090
1.417950e+08 0.978306 0.981603 0.947220 0.950491 0.977887 0.979607 0.964070 0.960147
1.418750e+08 0.977892 0.981121 0.947215 0.950513 0.977695 0.979425 0.964067 0.960226
1.419550e+08 0.977499 0.980656 0.947232 0.950552 0.977525 0.979264 0.964090 0.960327
1.420350e+08 0.977128 0.980209 0.947274 0.950606 0.977379 0.979126 0.964139 0.960452
1.421150e+08 0.976779 0.979781 0.947339 0.950678 0.977257 0.979012 0.964215 0.960600
1.421950e+08 0.976453 0.979373 0.947429 0.950768 0.977160 0.978920 0.964319 0.960772
1.422750e+08 0.976151 0.978986 0.947544 0.950878 0.977088 0.978853 0.964451 0.960970
1.423550e+08 0.975872 0.978621 0.947685 0.951007 0.977042 0.978811 0.964612 0.961192
1.424350e+08 0.975619 0.978278 0.947853 0.951157 0.977023 0.978794 0.964803 0.961440
1.425150e+08 0.975391 0.977959 0.948047 0.951329 0.977030 0.978802 0.965023 0.961715
1.425950e+08 0.975189 0.977663 0.948269 0.951523 0.977065 0.978836 0.965274 0.962016
1.426750e+08 0.975014 0.977393 0.948519 0.951740 0.977128 0.978897 0.965556 0.962344
1.427550e+08 0.974865 0.977149 0.948796 0.951980 0.977220 0.978984 0.965869 0.962699
1.428350e+08 0.974744 0.976930 0.949102 0.952245 0.977340 0.979098 0.966213 0.963081
1.429150e+08 0.974651 0.976739 0.949437 0.952535 0.977489 0.979239 0.966589 0.963490
1.429950e+08 0.974585 0.976575 0.949801 0.952850 0.977667 0.979408 0.966997 0.963928
1.430750e+08 0.974548 0.950195 0.953191 0.977876 0.979603 0.967438 0.964393 0.977064
1.431550e+08 0.974539 0.976331 0.950618 0.953558 0.978113 0.979827 0.967910 0.964886
1.432350e+08 0.974559 0.976252 0.951070 0.953952 0.978381 0.980078 0.968415 0.965407
1.433150e+08 0.974608 0.976203 0.951552 0.954374 0.978679 0.980357 0.968951 0.965956
1.433950e+08 0.974686 0.976183 0.952064 0.954823 0.979006 0.980663 0.969520 0.966532
1.434750e+08 0.974793 0.976193 0.952605 0.955299 0.979364 0.980997 0.970121 0.967136
1.435550e+08 0.974929 0.976233 0.953177 0.955803 0.979752 0.981359 0.970754 0.967768
1.436350e+08 0.975094 0.976304 0.953778 0.956336 0.980169 0.981749 0.971418 0.968426
1.437150e+08 0.975289 0.976405 0.954408 0.956897 0.980617 0.982165 0.972113 0.969112
1.437950e+08 0.975512 0.976537 0.955068 0.957486 0.981093 0.982609 0.972839 0.969825
1.438750e+08 0.975765 0.976699 0.955757 0.958103 0.981600 0.983080 0.973595 0.970564
1.439550e+08 0.976046 0.976892 0.956474 0.958749 0.982135 0.983577 0.974381 0.971329
1.440350e+08 0.976355 0.977116 0.957221 0.959423 0.982699 0.984100 0.975197 0.972119
1.441150e+08 0.976693 0.977370 0.957995 0.960125 0.983291 0.984650 0.976042 0.972935
1.441950e+08 0.977058 0.977655 0.958798 0.960855 0.983911 0.985225 0.976915 0.973775
1.442750e+08 0.977451 0.977970 0.959627 0.961613 0.984559 0.985825 0.977815 0.974639
1.443550e+08 0.977871 0.978315 0.960484 0.962398 0.985234 0.986450 0.978742 0.975527
1.444350e+08 0.978318 0.978689 0.961367 0.963210 0.985935 0.987100 0.979696 0.976438
1.445150e+08 0.978791 0.979093 0.962276 0.964049 0.986662 0.987772 0.980674 0.977370
1.445950e+08 0.979290 0.979525 0.963210 0.964914 0.987415 0.988468 0.981677 0.978325
1.446750e+08 0.979814 0.979986 0.964169 0.965806 0.988191 0.989186 0.982703 0.979300
1.447550e+08 0.980362 0.980475 0.965151 0.966722 0.988992 0.989926 0.983752 0.980295
1.448350e+08 0.980934 0.980992 0.966157 0.967663 0.989816 0.990687 0.984823 0.981309
1.449150e+08 0.981530 0.981535 0.967186 0.968629 0.990662 0.991469 0.985914 0.982341
1.449950e+08 0.982148 0.982105 0.968236 0.969618 0.991529 0.992270 0.987024 0.983391
1.450750e+08 0.982788 0.982700 0.969306 0.970629 0.992417 0.993090 0.988152 0.984457
1.451550e+08 0.983449 0.983320 0.970397 0.971663 0.993325 0.993928 0.989298 0.985539
1.452350e+08 0.984130 0.983964 0.971507 0.972718 0.994252 0.994784 0.990460 0.986635
1.453150e+08 0.984831 0.984631 0.972635 0.973793 0.995197 0.995656 0.991636 0.987745
1.453950e+08 0.985550 0.985321 0.973780 0.974888 0.996158 0.996543 0.992827 0.988868
1.454750e+08 0.986286 0.986032 0.974942 0.976002 0.997135 0.997445 0.994029 0.990002
1.455550e+08 0.987040 0.986764 0.976118 0.977133 0.998127 0.998360 0.995242 0.991147
1.456350e+08 0.987809 0.987516 0.977309 0.978281 0.999133 0.999288 0.996465 0.992301
1.457150e+08 0.988593 0.988287 0.978513 0.979445 1.000151 1.000228 0.997696 0.993463
1.457950e+08 0.989391 0.989075 0.979729 0.980623 1.001181 1.001179 0.998935 0.994633
1.458750e+08 0.990202 0.989880 0.980955 0.981815 1.002221 1.002139 1.000179 0.995808
1.459550e+08 0.991024 0.990701 0.982192 0.983020 1.003270 1.003108 1.001427 0.996989
1.460350e+08 0.991858 0.991537 0.983437 0.984236 1.004327 1.004085 1.002678 0.998173
1.461150e+08 0.992701 0.992386 0.984690 0.985462 1.005391 1.005068 1.003930 0.999359
1.461950e+08 0.993552 0.993247 0.985949 0.986697 1.006461 1.006057 1.005182 1.000547
1.462750e+08 0.994411 0.994119 0.987213 0.987940 1.007535 1.007050 1.006433 1.001736
1.463550e+08 0.995276 0.995002 0.988481 0.989190 1.008613 1.008047 1.007681 1.002923
1.464350e+08 0.996147 0.995893 0.989751 0.990445 1.009692 1.009045 1.008925 1.004108
1.465150e+08 0.997021 0.996792 0.991023 0.991704 1.010772 1.010045 1.010163 1.005289
1.465950e+08 0.997899 0.997697 0.992295 0.992966 1.011851 1.011045 1.011394 1.006466
1.466750e+08 0.998778 0.998607 0.993567 0.994230 1.012928 1.012043 1.012617 1.007637
1.467550e+08 0.999658 0.999521 0.994836 0.995494 1.014003 1.013040 1.013829 1.008801
1.468350e+08 1.000538 1.000438 0.996101 0.996757 1.015073 1.014033 1.015030 1.009956
1.469150e+08 1.001416 1.001356 0.997362 0.998017 1.016137 1.015021 1.016218 1.011103
1.469950e+08 1.002292 1.002274 0.998617 0.999274 1.017195 1.016004 1.017392 1.012238
1.470750e+08 1.003163 1.003191 0.999864 1.000527 1.018244 1.016980 1.018551 1.013362
1.471550e+08 1.004030 1.004106 1.001104 1.001773 1.019285 1.017949 1.019693 1.014473
1.472350e+08 1.004890 1.005017 1.002333 1.003011 1.020314 1.018908 1.020816 1.015570
1.473150e+08 1.005743 1.005923 1.003552 1.004241 1.021332 1.019858 1.021920 1.016652
1.473950e+08 1.006588 1.006822 1.004759 1.005461 1.022337 1.020797 1.023004 1.017717
1.474750e+08 1.007423 1.007715 1.005953 1.006669 1.023328 1.021723 1.024065 1.018765
1.475550e+08 1.008248 1.008598 1.007132 1.007865 1.024304 1.022637 1.025103 1.019795
1.476350e+08 1.009061 1.009472 1.008296 1.009047 1.025263 1.023536 1.026117 1.020805
1.477150e+08 1.009861 1.010334 1.009444 1.010213 1.026205 1.024420 1.027105 1.021794
1.477950e+08 1.010648 1.011184 1.010573 1.011364 1.027128 1.025288 1.028067 1.022762
1.478750e+08 1.011420 1.012021 1.011684 1.012497 1.028031 1.026139 1.029001 1.023708
1.479550e+08 1.012176 1.012843 1.012776 1.013611 1.028913 1.026972 1.029906 1.024630
1.480350e+08 1.012916 1.013650 1.013846 1.014706 1.029774 1.027786 1.030781 1.025528
1.481150e+08 1.013639 1.014439 1.014895 1.015779 1.030612 1.028580 1.031626 1.026400
1.481950e+08 1.014342 1.015211 1.015921 1.016831 1.031426 1.029353 1.032439 1.027247
1.482750e+08 1.015027 1.015963 1.016923 1.017860 1.032216 1.030105 1.033220 1.028067
1.483550e+08 1.015691 1.016696 1.017901 1.018864 1.032980 1.030834 1.033967 1.028859
1.484350e+08 1.016334 1.017408 1.018853 1.019843 1.033718 1.031540 1.034680 1.029623
1.485150e+08 1.016956 1.018097 1.019779 1.020797 1.034428 1.032222 1.035358 1.030357
1.485950e+08 1.017554 1.018764 1.020677 1.021723 1.035110 1.032880 1.036001 1.031062
1.486750e+08 1.018130 1.019408 1.021548 1.022621 1.035764 1.033512 1.036608 1.031737
1.487550e+08 1.018681 1.020026 1.022391 1.023491 1.036388 1.034118 1.037178 1.032381
1.488350e+08 1.019208 1.020619 1.023204 1.024331 1.036982 1.034698 1.037710 1.032993
1.489150e+08 1.019710 1.021187 1.023987 1.025141 1.037545 1.035250 1.038206 1.033573
1.489950e+08 1.020186 1.021727 1.024740 1.025920 1.038077 1.035775 1.038663 1.034121
1.490750e+08 1.020635 1.022240 1.025462 1.026667 1.038577 1.036271 1.039081 1.034636
1.491550e+08 1.021058 1.022725 1.026152 1.027382 1.039045 1.036739 1.039461 1.035118
1.492350e+08 1.021453 1.023180 1.026810 1.028064 1.039479 1.037177 1.039802 1.035567
1.493150e+08 1.021820 1.023607 1.027436 1.028712 1.039881 1.037586 1.040104 1.035981
1.493950e+08 1.022160 1.024004 1.028029 1.029327 1.040249 1.037966 1.040366 1.036362
1.494750e+08 1.022471 1.024371 1.028589 1.029907 1.040583 1.038315 1.040589 1.036708
1.495550e+08 1.022753 1.024707 1.029115 1.030453 1.040883 1.038633 1.040773 1.037020
1.496350e+08 1.023007 1.025012 1.029608 1.030964 1.041149 1.038921 1.040917 1.037298
1.497150e+08 1.023231 1.025285 1.030068 1.031439 1.041380 1.039178 1.041022 1.037541
1.497950e+08 1.023426 1.025527 1.030493 1.031879 1.041577 1.039404 1.041088 1.037750
1.498750e+08 1.023591 1.025738 1.030884 1.032283 1.041739 1.039599 1.041115 1.037925
1.499550e+08 1.023727 1.025916 1.031241 1.032652 1.041866 1.039762 1.041104 1.038065
1.500350e+08 1.023834 1.026063 1.031565 1.032984 1.041959 1.039895 1.041055 1.038171
1.501150e+08 1.023911 1.026177 1.031854 1.033281 1.042017 1.039996 1.040967 1.038243
1.501950e+08 1.023959 1.026260 1.032109 1.033542 1.042041 1.040067 1.040842 1.038282
1.502750e+08 1.023977 1.026310 1.032331 1.033767 1.042030 1.040106 1.040681 1.038287
1.503550e+08 1.023967 1.026329 1.032519 1.033956 1.041986 1.040114 1.040483 1.038259
1.504350e+08 1.023927 1.026316 1.032674 1.034111 1.041908 1.040092 1.040249 1.038198
1.505150e+08 1.023859 1.026271 1.032796 1.034230 1.041796 1.040040 1.039980 1.038105
1.505950e+08 1.023763 1.026195 1.032886 1.034314 1.041652 1.039957 1.039677 1.037980
1.506750e+08 1.023638 1.026089 1.032943 1.034364 1.041474 1.039845 1.039340 1.037824
1.507550e+08 1.023486 1.025951 1.032968 1.034380 1.041265 1.039703 1.038970 1.037637
1.508350e+08 1.023307 1.025784 1.032962 1.034362 1.041024 1.039533 1.038568 1.037420
1.509150e+08 1.023101 1.025587 1.032926 1.034311 1.040752 1.039333 1.038136 1.037174
1.509950e+08 1.022869 1.025360 1.032859 1.034228 1.040450 1.039106 1.037673 1.036898
1.510750e+08 1.022611 1.025105 1.032763 1.034113 1.040118 1.038851 1.037181 1.036595
1.511550e+08 1.022328 1.024822 1.032638 1.033967 1.039756 1.038569 1.036661 1.036264
1.512350e+08 1.022020 1.024511 1.032485 1.033790 1.039366 1.038261 1.036114 1.035906
1.513150e+08 1.021688 1.024174 1.032304 1.033584 1.038949 1.037927 1.035541 1.035523
1.513950e+08 1.021334 1.023810 1.032096 1.033348 1.038504 1.037567 1.034943 1.035115
1.514750e+08 1.020957 1.023422 1.031863 1.033085 1.038034 1.037184 1.034322 1.034682
1.515550e+08 1.020558 1.023009 1.031604 1.032794 1.037538 1.036776 1.033678 1.034227
1.516350e+08 1.020138 1.022572 1.031322 1.032477 1.037018 1.036346 1.033013 1.033749
1.517150e+08 1.019699 1.022113 1.031016 1.032134 1.036475 1.035893 1.032328 1.033251
1.517950e+08 1.019240 1.021632 1.030688 1.031767 1.035910 1.035419 1.031625 1.032732
1.518750e+08 1.018763 1.021130 1.030338 1.031377 1.035323 1.034924 1.030904 1.032193
1.519550e+08 1.018268 1.020608 1.029968 1.030964 1.034716 1.034410 1.030168 1.031637
1.520350e+08 1.017757 1.020067 1.029579 1.030531 1.034089 1.033877 1.029417 1.031064
1.521150e+08 1.017231 1.019509 1.029171 1.030077 1.033444 1.033326 1.028653 1.030474
1.521950e+08 1.016690 1.018933 1.028747 1.029604 1.032782 1.032758 1.027876 1.029870
1.522750e+08 1.016135 1.018343 1.028306 1.029113 1.032104 1.032174 1.027090 1.029252
1.523550e+08 1.015568 1.017737 1.027850 1.028606 1.031412 1.031575 1.026295 1.028621
1.524350e+08 1.014989 1.017119 1.027380 1.028083 1.030705 1.030962 1.025492 1.027980
1.525150e+08 1.014400 1.016488 1.026897 1.027547 1.029986 1.030336 1.024683 1.027327
1.525950e+08 1.013802 1.015846 1.026403 1.026997 1.029255 1.029698 1.023869 1.026666
1.526750e+08 1.013196 1.015194 1.025898 1.026435 1.028515 1.029049 1.023052 1.025997
1.527550e+08 1.012582 1.014534 1.025385 1.025864 1.027765 1.028389 1.022233 1.025321
1.528350e+08 1.011962 1.013866 1.024863 1.025283 1.027008 1.027721 1.021414 1.024639
1.529150e+08 1.011337 1.013193 1.024334 1.024694 1.026244 1.027045 1.020596 1.023953
1.529950e+08 1.010709 1.012514 1.023799 1.024099 1.025474 1.026363 1.019781 1.023265
1.530750e+08 1.010078 1.011832 1.023260 1.023498 1.024701 1.025674 1.018969 1.022574
1.531550e+08 1.009445 1.011147 1.022718 1.022894 1.023924 1.024981 1.018163 1.021882
1.532350e+08 1.008811 1.010461 1.022173 1.022286 1.023146 1.024284 1.017364 1.021191
1.533150e+08 1.008179 1.009775 1.021628 1.021678 1.022368 1.023585 1.016573 1.020501
1.533950e+08 1.007548 1.009091 1.021083 1.021070 1.021590 1.022884 1.015791 1.019815
1.534750e+08 1.006920 1.008409 1.020539 1.020462 1.020814 1.022183 1.015020 1.019132
1.535550e+08 1.006296 1.007731 1.019998 1.019858 1.020042 1.021482 1.014261 1.018454
1.536350e+08 1.005677 1.007058 1.019461 1.019257 1.019273 1.020783 1.013515 1.017783
1.537150e+08 1.005064 1.006391 1.018929 1.018661 1.018510 1.020087 1.012784 1.017119
1.537950e+08 1.004459 1.005732 1.018402 1.018071 1.017754 1.019395 1.012069 1.016463
1.538750e+08 1.003862 1.005082 1.017883 1.017489 1.017006 1.018707 1.011371 1.015817
1.539550e+08 1.003274 1.004441 1.017372 1.016916 1.016266 1.018025 1.010691 1.015182
1.540350e+08 1.002697 1.003811 1.016870 1.016352 1.015536 1.017350 1.010030 1.014558
1.541150e+08 1.002131 1.003194 1.016379 1.015800 1.014818 1.016682 1.009390 1.013947
1.541950e+08 1.001577 1.002590 1.015899 1.015259 1.014111 1.016023 1.008771 1.013349
1.542750e+08 1.001037 1.002000 1.015431 1.014732 1.013418 1.015374 1.008175 1.012766
1.543550e+08 1.000511 1.001425 1.014977 1.014219 1.012739 1.014735 1.007602 1.012199
1.544350e+08 1.000001 1.000867 1.014536 1.013721 1.012075 1.014108 1.007054 1.011648
1.545150e+08 0.999506 1.000326 1.014111 1.013240 1.011426 1.013492 1.006531 1.011114
1.545950e+08 0.999029 0.999804 1.013702 1.012776 1.010795 1.012890 1.006033 1.010598
1.546750e+08 0.998569 0.999301 1.013310 1.012330 1.010182 1.012302 1.005563 1.010102
1.547550e+08 0.998129 0.998818 1.012936 1.011903 1.009587 1.011728 1.005121 1.009625
1.548350e+08 0.997707 0.998356 1.012580 1.011496 1.009012 1.011170 1.004706 1.009168
1.549150e+08 0.997306 0.997916 1.012243 1.011109 1.008456 1.010628 1.004321 1.008732
1.549950e+08 0.996925 0.997499 1.011926 1.010745 1.007922 1.010103 1.003965 1.008319
1.550750e+08 0.996566 0.997106 1.011629 1.010402 1.007409 1.009595 1.003639 1.007927
1.551550e+08 0.996230 0.996736 1.011354 1.010082 1.006919 1.009105 1.003343 1.007559
1.552350e+08 0.995916 0.996391 1.011100 1.009786 1.006451 1.008634 1.003079 1.007214
1.553150e+08 0.995625 0.996072 1.010869 1.009514 1.006007 1.008182 1.002846 1.006893
1.553950e+08 0.995359 0.995778 1.010660 1.009266 1.005586 1.007750 1.002644 1.006596
1.554750e+08 0.995116 0.995511 1.010474 1.009043 1.005190 1.007338 1.002474 1.006324
1.555550e+08 0.994899 0.995272 1.010312 1.008846 1.004819 1.006946 1.002336 1.006078
1.556350e+08 0.994706 0.995059 1.010174 1.008675 1.004473 1.006576 1.002230 1.005856
1.557150e+08 0.994540 0.994874 1.010060 1.008530 1.004152 1.006227 1.002157 1.005661
1.557950e+08 0.994399 0.994718 1.009970 1.008412 1.003858 1.005900 1.002116 1.005491
1.558750e+08 0.994284 0.994590 1.009905 1.008320 1.003589 1.005594 1.002107 1.005348
1.559550e+08 0.994195 0.994490 1.009865 1.008255 1.003346 1.005311 1.002130 1.005230
1.560350e+08 0.994134 0.994419 1.009850 1.008217 1.003130 1.005051 1.002185 1.005139
1.561150e+08 0.994098 0.994377 1.009859 1.008206 1.002940 1.004813 1.002272 1.005075
1.561950e+08 0.994090 0.994365 1.009894 1.008222 1.002777 1.004597 1.002390 1.005036
1.562750e+08 0.994108 0.994381 1.009953 1.008265 1.002640 1.004405 1.002539 1.005024
1.563550e+08 0.994154 0.994426 1.010038 1.008335 1.002529 1.004235 1.002719 1.005038
1.564350e+08 0.994225 0.994501 1.010147 1.008432 1.002445 1.004088 1.002930 1.005078
1.565150e+08 0.994324 0.994604 1.010280 1.008556 1.002387 1.003964 1.003170 1.005144
1.565950e+08 0.994449 0.994735 1.010438 1.008706 1.002355 1.003862 1.003440 1.005235
1.566750e+08 0.994601 0.994896 1.010621 1.008881 1.002348 1.003783 1.003738 1.005352
1.567550e+08 0.994779 0.995084 1.010826 1.009083 1.002367 1.003726 1.004065 1.005493
1.568350e+08 0.994983 0.995300 1.011056 1.009310 1.002411 1.003692 1.004418 1.005659
1.569150e+08 0.995212 0.995544 1.011308 1.009561 1.002480 1.003679 1.004799 1.005849
1.569950e+08 0.995467 0.995814 1.011582 1.009837 1.002573 1.003688 1.005205 1.006063
1.570750e+08 0.995746 0.996111 1.011879 1.010136 1.002690 1.003718 1.005636 1.006300
1.571550e+08 0.996050 0.996435 1.012197 1.010459 1.002830 1.003769 1.006092 1.006559
1.572350e+08 0.996378 0.996783 1.012536 1.010804 1.002993 1.003840 1.006570 1.006840
1.573150e+08 0.996729 0.997157 1.012896 1.011171 1.003178 1.003931 1.007071 1.007143
1.573950e+08 0.997103 0.997555 1.013275 1.011559 1.003385 1.004042 1.007592 1.007466
1.574750e+08 0.997500 0.997976 1.013673 1.011967 1.003612 1.004172 1.008134 1.007809
1.575550e+08 0.997918 0.998420 1.014089 1.012395 1.003859 1.004320 1.008695 1.008171
1.576350e+08 0.998357 0.998886 1.014523 1.012842 1.004125 1.004486 1.009274 1.008552
1.577150e+08 0.998817 0.999373 1.014973 1.013306 1.004410 1.004669 1.009869 1.008950
1.577950e+08 0.999296 0.999880 1.015439 1.013787 1.004713 1.004868 1.010481 1.009365
1.578750e+08 0.999794 1.000407 1.015920 1.014283 1.005032 1.005084 1.011106 1.009796
1.579550e+08 1.000310 1.000953 1.016414 1.014795 1.005368 1.005314 1.011744 1.010241
1.580350e+08 1.000843 1.001515 1.016922 1.015320 1.005718 1.005559 1.012395 1.010701
1.581150e+08 1.001392 1.002095 1.017442 1.015859 1.006082 1.005817 1.013055 1.011174
1.581950e+08 1.001957 1.002690 1.017974 1.016408 1.006459 1.006088 1.013725 1.011659
1.582750e+08 1.002536 1.003299 1.018515 1.016969 1.006848 1.006371 1.014403 1.012155
1.583550e+08 1.003129 1.003922 1.019065 1.017539 1.007248 1.006665 1.015087 1.012660
1.584350e+08 1.003734 1.004557 1.019624 1.018117 1.007658 1.006969 1.015776 1.013175
1.585150e+08 1.004351 1.005203 1.020189 1.018702 1.008077 1.007283 1.016469 1.013698
1.585950e+08 1.004979 1.005859 1.020760 1.019293 1.008504 1.007604 1.017164 1.014227
1.586750e+08 1.005616 1.006524 1.021336 1.019889 1.008937 1.007933 1.017860 1.014762
1.587550e+08 1.006261 1.007197 1.021916 1.020488 1.009375 1.008269 1.018556 1.015301
1.588350e+08 1.006914 1.007876 1.022498 1.021089 1.009818 1.008610 1.019250 1.015844
1.589150e+08 1.007574 1.008560 1.023081 1.021692 1.010264 1.008955 1.019940 1.016389
1.589950e+08 1.008239 1.009249 1.023665 1.022294 1.010711 1.009304 1.020626 1.016935
1.590750e+08 1.008908 1.009940 1.024248 1.022895 1.011160 1.009655 1.021305 1.017481
1.591550e+08 1.009580 1.010633 1.024828 1.023493 1.011608 1.010008 1.021977 1.018026
1.592350e+08 1.010254 1.011326 1.025406 1.024087 1.012054 1.010361 1.022640 1.018568
1.593150e+08 1.010929 1.012018 1.025979 1.024676 1.012498 1.010713 1.023292 1.019107
1.593950e+08 1.011604 1.012708 1.026547 1.025259 1.012937 1.011064 1.023933 1.019641
1.594750e+08 1.012277 1.013395 1.027107 1.025833 1.013372 1.011412 1.024560 1.020169
1.595550e+08 1.012948 1.014077 1.027660 1.026399 1.013800 1.011757 1.025173 1.020690
1.596350e+08 1.013615 1.014753 1.028204 1.026955 1.014220 1.012096 1.025771 1.021203
1.597150e+08 1.014278 1.015422 1.028738 1.027499 1.014632 1.012430 1.026351 1.021706
1.597950e+08 1.014934 1.016083 1.029261 1.028031 1.015033 1.012756 1.026913 1.022199
1.598750e+08 1.015584 1.016734 1.029772 1.028549 1.015424 1.013075 1.027455 1.022680
1.599550e+08 1.016226 1.017375 1.030268 1.029052 1.015802 1.013385 1.027977 1.023148
1.600350e+08 1.016858 1.018004 1.030751 1.029539 1.016167 1.013685 1.028476 1.023602
1.601150e+08 1.017480 1.018619 1.031218 1.030009 1.016517 1.013974 1.028953 1.024042
1.601950e+08 1.018091 1.019221 1.031668 1.030461 1.016851 1.014251 1.029405 1.024465
1.602750e+08 1.018690 1.019807 1.032101 1.030894 1.017169 1.014515 1.029831 1.024871
1.603550e+08 1.019276 1.020377 1.032515 1.031306 1.017469 1.014766 1.030231 1.025259
1.604350e+08 1.019847 1.020929 1.032910 1.031697 1.017751 1.015001 1.030603 1.025628
1.605150e+08 1.020402 1.021463 1.033285 1.032066 1.018012 1.015221 1.030947 1.025977
1.605950e+08 1.020942 1.021978 1.033638 1.032412 1.018253 1.015424 1.031262 1.026305
1.606750e+08 1.021464 1.022472 1.033968 1.032734 1.018472 1.015609 1.031546 1.026612
1.607550e+08 1.021968 1.022945 1.034276 1.033031 1.018668 1.015776 1.031799 1.026895
1.608350e+08 1.022454 1.023395 1.034560 1.033302 1.018840 1.015924 1.032020 1.027154
1.609150e+08 1.022919 1.023822 1.034819 1.033547 1.018989 1.016052 1.032209 1.027389
1.609950e+08 1.023363 1.024226 1.035053 1.033765 1.019112 1.016158 1.032364 1.027599
1.610750e+08 1.023787 1.024604 1.035261 1.033955 1.019208 1.016243 1.032484 1.027783
1.611550e+08 1.024187 1.024957 1.035443 1.034116 1.019278 1.016306 1.032570 1.027940
1.612350e+08 1.024565 1.025284 1.035596 1.034248 1.019321 1.016346 1.032621 1.028069
1.613150e+08 1.024919 1.025583 1.035722 1.034351 1.019335 1.016362 1.032636 1.028171
1.613950e+08 1.025249 1.025855 1.035820 1.034423 1.019320 1.016353 1.032615 1.028243
1.614750e+08 1.025554 1.026099 1.035889 1.034465 1.019276 1.016320 1.032557 1.028287
1.615550e+08 1.025833 1.026315 1.035928 1.034475 1.019202 1.016261 1.032463 1.028300
1.616350e+08 1.026087 1.026501 1.035937 1.034455 1.019097 1.016176 1.032331 1.028283
1.617150e+08 1.026313 1.026657 1.035917 1.034402 1.018961 1.016064 1.032161 1.028236
1.617950e+08 1.026513 1.026784 1.035866 1.034318 1.018793 1.015925 1.031955 1.028157
1.618750e+08 1.026685 1.026880 1.035784 1.034202 1.018594 1.015758 1.031710 1.028047
1.619550e+08 1.026829 1.026945 1.035671 1.034053 1.018363 1.015564 1.031427 1.027905
1.620350e+08 1.026944 1.026980 1.035528 1.033873 1.018099 1.015341 1.031107 1.027732
1.621150e+08 1.027032 1.026983 1.035353 1.033659 1.017802 1.015090 1.030749 1.027525
1.621950e+08 1.027090 1.026955 1.035146 1.033414 1.017473 1.014810 1.030353 1.027287
1.622750e+08 1.027120 1.026896 1.034909 1.033136 1.017110 1.014501 1.029920 1.027015
1.623550e+08 1.027120 1.026805 1.034640 1.032826 1.016714 1.014163 1.029450 1.026712
1.624350e+08 1.027091 1.026683 1.034340 1.032483 1.016285 1.013795 1.028943 1.026375
1.625150e+08 1.027033 1.026529 1.034008 1.032109 1.015823 1.013398 1.028399 1.026006
1.625950e+08 1.026945 1.026345 1.033646 1.031704 1.015327 1.012971 1.027819 1.025604
1.626750e+08 1.026828 1.026129 1.033253 1.031267 1.014798 1.012514 1.027203 1.025169
1.627550e+08 1.026682 1.025882 1.032830 1.030800 1.014237 1.012028 1.026552 1.024703
1.628350e+08 1.026506 1.025605 1.032376 1.030302 1.013642 1.011512 1.025867 1.024204
1.629150e+08 1.026302 1.025297 1.031893 1.029774 1.013015 1.010967 1.025147 1.023673
1.629950e+08 1.026068 1.024960 1.031380 1.029217 1.012356 1.010392 1.024394 1.023110
1.630750e+08 1.025806 1.024593 1.030838 1.028632 1.011664 1.009788 1.023608 1.022516
1.631550e+08 1.025515 1.024197 1.030268 1.028018 1.010941 1.009155 1.022790 1.021891
1.632350e+08 1.025197 1.023772 1.029670 1.027376 1.010187 1.008494 1.021941 1.021236
1.633150e+08 1.024851 1.023319 1.029044 1.026708 1.009402 1.007804 1.021062 1.020551
1.633950e+08 1.024477 1.022839 1.028392 1.026014 1.008587 1.007086 1.020154 1.019836
1.634750e+08 1.024077 1.022333 1.027714 1.025295 1.007742 1.006340 1.019217 1.019092
1.635550e+08 1.023650 1.021800 1.027010 1.024551 1.006867 1.005568 1.018252 1.018319
1.636350e+08 1.023198 1.021241 1.026282 1.023784 1.005965 1.004768 1.017261 1.017519
1.637150e+08 1.022720 1.020658 1.025530 1.022995 1.005034 1.003942 1.016245 1.016692
1.637950e+08 1.022218 1.020052 1.024755 1.022183 1.004077 1.003090 1.015204 1.015838
1.638750e+08 1.021691 1.019422 1.023957 1.021352 1.003093 1.002213 1.014140 1.014959
1.639550e+08 1.021142 1.018771 1.023139 1.020501 1.002084 1.001312 1.013054 1.014055
1.640350e+08 1.020570 1.018098 1.022300 1.019631 1.001049 1.000386 1.011948 1.013126
1.641150e+08 1.019976 1.017405 1.021442 1.018745 0.999991 0.999437 1.010822 1.012175
1.641950e+08 1.019361 1.016693 1.020566 1.017842 0.998910 0.998466 1.009677 1.011201
1.642750e+08 1.018726 1.015963 1.019672 1.016924 0.997807 0.997472 1.008516 1.010205
1.643550e+08 1.018072 1.015216 1.018762 1.015992 0.996682 0.996458 1.007339 1.009189
1.644350e+08 1.017399 1.014453 1.017837 1.015048 0.995537 0.995423 1.006147 1.008154
1.645150e+08 1.016709 1.013675 1.016898 1.014092 0.994374 0.994369 1.004943 1.007100
1.645950e+08 1.016002 1.012883 1.015945 1.013126 0.993192 0.993296 1.003726 1.006028
1.646750e+08 1.015279 1.012079 1.014981 1.012152 0.991993 0.992205 1.002500 1.004940
1.647550e+08 1.014542 1.011263 1.014007 1.011170 0.990778 0.991097 1.001264 1.003837
1.648350e+08 1.013791 1.010437 1.013022 1.010181 0.989548 0.989973 1.000021 1.002719
1.649150e+08 1.013028 1.009602 1.012030 1.009188 0.988304 0.988834 0.998772 1.001588
1.649950e+08 1.012253 1.008759 1.011031 1.008191 0.987048 0.987681 0.997519 1.000445
1.650750e+08 1.011468 1.007910 1.010025 1.007192 0.985780 0.986515 0.996262 0.999291
1.651550e+08 1.010673 1.007055 1.009016 1.006192 0.984502 0.985337 0.995003 0.998128
1.652350e+08 1.009870 1.006197 1.008003 1.005192 0.983214 0.984148 0.993744 0.996955
1.653150e+08 1.009059 1.005335 1.006988 1.004194 0.981919 0.982948 0.992486 0.995775
1.653950e+08 1.008243 1.004472 1.005972 1.003199 0.980617 0.981740 0.991230 0.994589
1.654750e+08 1.007422 1.003609 1.004957 1.002209 0.979309 0.980523 0.989978 0.993398
1.655550e+08 1.006597 1.002747 1.003943 1.001224 0.977998 0.979300 0.988732 0.992202
1.656350e+08 1.005769 1.001887 1.002933 1.000247 0.976683 0.978071 0.987492 0.991004
1.657150e+08 1.004940 1.001031 1.001927 0.999278 0.975366 0.976836 0.986260 0.989805
1.657950e+08 1.004110 1.000180 1.000926 0.998319 0.974048 0.975599 0.985038 0.988605
1.658750e+08 1.003281 0.999335 0.999932 0.997370 0.972731 0.974358 0.983826 0.987406
1.659550e+08 1.002454 0.998497 0.998947 0.996435 0.971416 0.973116 0.982626 0.986210
1.660350e+08 1.001631 0.997668 0.997971 0.995512 0.970104 0.971873 0.981440 0.985016
1.661150e+08 1.000811 0.996849 0.997005 0.994605 0.968796 0.970631 0.980269 0.983827
1.661950e+08 0.999997 0.996041 0.996051 0.993714 0.967493 0.969391 0.979113 0.982644
1.662750e+08 0.999189 0.995245 0.995111 0.992840 0.966197 0.968153 0.977974 0.981467
1.663550e+08 0.998389 0.994462 0.994184 0.991984 0.964908 0.966919 0.976854 0.980299
1.664350e+08 0.997598 0.993694 0.993273 0.991148 0.963628 0.965691 0.975753 0.979139
1.665150e+08 0.996817 0.992942 0.992379 0.990333 0.962359 0.964468 0.974673 0.977990
1.665950e+08 0.996046 0.992206 0.991502 0.989539 0.961100 0.963252 0.973614 0.976852
1.666750e+08 0.995288 0.991488 0.990645 0.988769 0.959854 0.962044 0.972579 0.975727
1.667550e+08 0.994542 0.990790 0.989807 0.988022 0.958621 0.960845 0.971567 0.974615
1.668350e+08 0.993811 0.990111 0.988990 0.987301 0.957402 0.959656 0.970579 0.973517
1.669150e+08 0.993095 0.989453 0.988195 0.986605 0.956199 0.958478 0.969618 0.972435
1.669950e+08 0.992394 0.988817 0.987423 0.985936 0.955012 0.957312 0.968683 0.971370
1.670750e+08 0.991711 0.988203 0.986675 0.985295 0.953842 0.956160 0.967776 0.970322
1.671550e+08 0.991046 0.987614 0.985952 0.984683 0.952691 0.955021 0.966896 0.969293
1.672350e+08 0.990399 0.987048 0.985255 0.984099 0.951558 0.953897 0.966046 0.968283
1.673150e+08 0.989772 0.986509 0.984585 0.983546 0.950446 0.952788 0.965226 0.967293
1.673950e+08 0.989166 0.985995 0.983943 0.983024 0.949355 0.951696 0.964436 0.966325
1.674750e+08 0.988581 0.985508 0.983329 0.982533 0.948286 0.950622 0.963676 0.965378
1.675550e+08 0.988018 0.985048 0.982744 0.982075 0.947239 0.949566 0.962949 0.964454
1.676350e+08 0.987478 0.984617 0.982189 0.981649 0.946216 0.948529 0.962253 0.963554
1.677150e+08 0.986961 0.984214 0.981665 0.981256 0.945217 0.947512 0.961591 0.962678
1.677950e+08 0.986469 0.983841 0.981173 0.980897 0.944242 0.946515 0.960961 0.961826
1.678750e+08 0.986002 0.983497 0.980712 0.980573 0.943293 0.945539 0.960364 0.961000
1.679550e+08 0.985561 0.983183 0.980284 0.980283 0.942370 0.944586 0.959801 0.960201
1.680350e+08 0.985145 0.982900 0.979889 0.980028 0.941473 0.943655 0.959272 0.959428
1.681150e+08 0.984756 0.982648 0.979527 0.979808 0.940603 0.942747 0.958777 0.958682
1.681950e+08 0.984394 0.982428 0.979200 0.979624 0.939761 0.941863 0.958316 0.957964
1.682750e+08 0.984060 0.982239 0.978907 0.979475 0.938947 0.941003 0.957889 0.957275
1.683550e+08 0.983754 0.982081 0.978649 0.979362 0.938161 0.940168 0.957496 0.956613
1.684350e+08 0.983476 0.981956 0.978426 0.979285 0.937404 0.939358 0.957138 0.955981
1.685150e+08 0.983227 0.981862 0.978238 0.979244 0.936676 0.938574 0.956814 0.955378
1.685950e+08 0.983006 0.981801 0.978087 0.979239 0.935977 0.937815 0.956525 0.954805
1.686750e+08 0.982815 0.981772 0.977971 0.979270 0.935308 0.937084 0.956269 0.954261
1.687550e+08 0.982654 0.981775 0.977891 0.979337 0.934668 0.936379 0.956046 0.953747
1.688350e+08 0.982521 0.981810 0.977847 0.979440 0.934058 0.935701 0.955857 0.953264
1.689150e+08 0.982419 0.981876 0.977840 0.979578 0.933478 0.935051 0.955701 0.952810
1.689950e+08 0.982346 0.981975 0.977869 0.979751 0.932928 0.934428 0.955578 0.952387
1.690750e+08 0.982303 0.982104 0.977934 0.979959 0.932408 0.933833 0.955487 0.951994
1.691550e+08 0.982289 0.982265 0.978035 0.980201 0.931918 0.933266 0.955427 0.951632
1.692350e+08 0.982305 0.982457 0.978172 0.980478 0.931457 0.932727 0.955399 0.951299
1.693150e+08 0.982351 0.982679 0.978345 0.980789 0.931027 0.932215 0.955401 0.950997
1.693950e+08 0.982426 0.982931 0.978554 0.981133 0.930625 0.931732 0.955433 0.950724
1.694750e+08 0.982530 0.983213 0.978798 0.981510 0.930253 0.931277 0.955494 0.950482
1.695550e+08 0.982663 0.983524 0.979077 0.981918 0.929910 0.930850 0.955583 0.950268
1.696350e+08 0.982824 0.983863 0.979392 0.982359 0.929596 0.930451 0.955701 0.950084
