  1.67075e+08	    0.000000	    0.000000	    0.000000	    0.000000	    0.000000	    0.000000	    0.000000	    0.000000	
  1.67155e+08	    0.899188	    0.897066	    0.922956	    0.923800	    0.979148	    0.975271	    0.979509	    0.981757	
  1.67235e+08	    1.025746	    1.026953	    1.055783	    1.055852	    1.114508	    1.109654	    1.124268	    1.126687	
  1.67315e+08	    1.065074	    1.064750	    1.094048	    1.093481	    1.155491	    1.150065	    1.168057	    1.165197	
  1.67395e+08	    1.065942	    1.066061	    1.094181	    1.094086	    1.156295	    1.150461	    1.171552	    1.166247	
  1.67475e+08	    1.066030	    1.066408	    1.092677	    1.092411	    1.154722	    1.148671	    1.170232	    1.167073	
  1.67555e+08	    1.068106	    1.068428	    1.093280	    1.092655	    1.156062	    1.148321	    1.177066	    1.164772	
  1.67635e+08	    1.066160	    1.066080	    1.091198	    1.091193	    1.152886	    1.146014	    1.167422	    1.163479	
  1.67715e+08	    1.067499	    1.067011	    1.089841	    1.090769	    1.152069	    1.146512	    1.168215	    1.157480	
  1.67795e+08	    1.065922	    1.065832	    1.090639	    1.091688	    1.151248	    1.146064	    1.171515	    1.154758	
  1.67875e+08	    1.064132	    1.063692	    1.089488	    1.089561	    1.150404	    1.144091	    1.171123	    1.157632	
  1.67955e+08	    1.063905	    1.061365	    1.088621	    1.088162	    1.149155	    1.144759	    1.169727	    1.158381	
  1.68035e+08	    1.061868	    1.059434	    1.087961	    1.087205	    1.149196	    1.143394	    1.169626	    1.155273	
  1.68115e+08	    1.029755	    1.027547	    1.055647	    1.055135	    1.116805	    1.110499	    1.136326	    1.119717	
  1.68195e+08	    0.914844	    0.911835	    0.935799	    0.935620	    0.994107	    0.987846	    1.005364	    0.992004	
  1.68275e+08	    0.000000	    0.000000	    0.000000	    0.000000	    0.000000	    0.000000	    0.000000	    0.000000	
  1.68355e+08	    0.000000	    0.000000	    0.000000	    0.000000	    0.000000	    0.000000	    0.000000	    0.000000	
  1.68435e+08	    0.895479	    0.894478	    0.915797	    0.916440	    0.972640	    0.967566	    0.981319	    0.969924	
  1.68515e+08	    1.022506	    1.020818	    1.047667	    1.048615	    1.108503	    1.102747	    1.130677	    1.113024	
  1.68595e+08	    1.059494	    1.061603	    1.085809	    1.086938	    1.149473	    1.143771	    1.173562	    1.154360	
  1.68675e+08	    1.062814	    1.062451	    1.086549	    1.087474	    1.150013	    1.144379	    1.173603	    1.158251	
  1.68755e+08	    1.062288	    1.063235	    1.085422	    1.086554	    1.149301	    1.143419	    1.167808	    1.155881	
  1.68835e+08	    1.064480	    1.065778	    1.085161	    1.086006	    1.148773	    1.144864	    1.167259	    1.153970	
  1.68915e+08	    1.063082	    1.065775	    1.082535	    1.084779	    1.147769	    1.142910	    1.166305	    1.149343	
  1.68995e+08	    1.063693	    1.064532	    1.082337	    1.083460	    1.146920	    1.141252	    1.163575	    1.152423	
  1.69075e+08	    1.063010	    1.063509	    1.083255	    1.083988	    1.148554	    1.145088	    1.164292	    1.157390	
  1.69155e+08	    1.062227	    1.064259	    1.081888	    1.082051	    1.148457	    1.143839	    1.158970	    1.157516	
  1.69235e+08	    1.062330	    1.061294	    1.082086	    1.082785	    1.147910	    1.143579	    1.160626	    1.153629	
  1.69315e+08	    1.062199	    1.058854	    1.082547	    1.083577	    1.145893	    1.142836	    1.159297	    1.151364	
  1.69395e+08	    1.029358	    1.027712	    1.051178	    1.051440	    1.112414	    1.109963	    1.128511	    1.120430	
  1.69475e+08	    0.914731	    0.911465	    0.933073	    0.933474	    0.990298	    0.988517	    0.994583	    0.989808	
  1.69555e+08	    0.000000	    0.000000	    0.000000	    0.000000	    0.000000	    0.000000	    0.000000	    0.000000	
  1.69635e+08	    0.000000	    0.000000	    0.000000	    0.000000	    0.000000	    0.000000	    0.000000	    0.000000	
  1.69715e+08	    0.893100	    0.892724	    0.913390	    0.913632	    0.970413	    0.967423	    0.969786	    0.966098	
  1.69795e+08	    1.021972	    1.021657	    1.044755	    1.044347	    1.104707	    1.102187	    1.112360	    1.109555	
  1.69875e+08	    1.062145	    1.060116	    1.082974	    1.083709	    1.144174	    1.143474	    1.149475	    1.151966	
  1.69955e+08	    1.063308	    1.063580	    1.084197	    1.084802	    1.144151	    1.142767	    1.149674	    1.154733	
  1.70035e+08	    1.063592	    1.065151	    1.084175	    1.085015	    1.145269	    1.141590	    1.147285	    1.148472	
  1.70115e+08	    1.065239	    1.069000	    1.085677	    1.085704	    1.145546	    1.143138	    1.149794	    1.148968	
  1.70195e+08	    1.065358	    1.068773	    1.084562	    1.085104	    1.143980	    1.141028	    1.147936	    1.146840	
  1.70275e+08	    1.067466	    1.069267	    1.084209	    1.085450	    1.143064	    1.141835	    1.143647	    1.147169	
  1.70355e+08	    1.068010	    1.070177	    1.085548	    1.086094	    1.144344	    1.144409	    1.144693	    1.151444	
  1.70435e+08	    1.068172	    1.068823	    1.083025	    1.084069	    1.143570	    1.142035	    1.146963	    1.146697	
  1.70515e+08	    1.068208	    1.067471	    1.083152	    1.083133	    1.141830	    1.141484	    1.146194	    1.141060	
  1.70595e+08	    1.068274	    1.067261	    1.083180	    1.083130	    1.142435	    1.141611	    1.144986	    1.147721	
  1.70675e+08	    1.036432	    1.033436	    1.051966	    1.052012	    1.109000	    1.107649	    1.110673	    1.114772	
  1.70755e+08	    0.922603	    0.919063	    0.933663	    0.934328	    0.988640	    0.987788	    0.980404	    0.985878	
  1.70835e+08	    0.000000	    0.000000	    0.000000	    0.000000	    0.000000	    0.000000	    0.000000	    0.000000	
  1.70915e+08	    0.000000	    0.000000	    0.000000	    0.000000	    0.000000	    0.000000	    0.000000	    0.000000	
  1.70995e+08	    0.900378	    0.897134	    0.916382	    0.916843	    0.964617	    0.966282	    0.958964	    0.962579	
  1.71075e+08	    1.029484	    1.028626	    1.049645	    1.050117	    1.099273	    1.099649	    1.103084	    1.108496	
  1.71155e+08	    1.069003	    1.068324	    1.088582	    1.089336	    1.139557	    1.138608	    1.145257	    1.149132	
  1.71235e+08	    1.071367	    1.071510	    1.089807	    1.089343	    1.138807	    1.139422	    1.145627	    1.146904	
  1.71315e+08	    1.071279	    1.073770	    1.088474	    1.088461	    1.138645	    1.138628	    1.148299	    1.144411	
  1.71395e+08	    1.074696	    1.077047	    1.089486	    1.089522	    1.138517	    1.138443	    1.147845	    1.143806	
  1.71475e+08	    1.073267	    1.077177	    1.087645	    1.088812	    1.135211	    1.135942	    1.146303	    1.147275	
  1.71555e+08	    1.074261	    1.079097	    1.088108	    1.089316	    1.132764	    1.134601	    1.140716	    1.142586	
  1.71635e+08	    1.077629	    1.080849	    1.090718	    1.090973	    1.135589	    1.135604	    1.147622	    1.141877	
  1.71715e+08	    1.076747	    1.080865	    1.090232	    1.090698	    1.132784	    1.133674	    1.144126	    1.141310	
  1.71795e+08	    1.076399	    1.079144	    1.090206	    1.091365	    1.133778	    1.132682	    1.145915	    1.141457	
  1.71875e+08	    1.076054	    1.078419	    1.090836	    1.091528	    1.132895	    1.131618	    1.140908	    1.141108	
  1.71955e+08	    1.047055	    1.045410	    1.058438	    1.060480	    1.099054	    1.100082	    1.105200	    1.102897	
  1.72035e+08	    0.930306	    0.928560	    0.939492	    0.940476	    0.977442	    0.978220	    0.977271	    0.974817	
  1.72115e+08	    0.000000	    0.000000	    0.000000	    0.000000	    0.000000	    0.000000	    0.000000	    0.000000	
  1.72195e+08	    0.000000	    0.000000	    0.000000	    0.000000	    0.000000	    0.000000	    0.000000	    0.000000	
  1.72275e+08	    0.910360	    0.908047	    0.918493	    0.920521	    0.957205	    0.956343	    0.949627	    0.954539	
  1.72355e+08	    1.040830	    1.038938	    1.052020	    1.053521	    1.090852	    1.089683	    1.092056	    1.097575	
  1.72435e+08	    1.079210	    1.077101	    1.091400	    1.092796	    1.130336	    1.129393	    1.129666	    1.135072	
  1.72515e+08	    1.079816	    1.080054	    1.093409	    1.093650	    1.130473	    1.130544	    1.135487	    1.136311	
  1.72595e+08	    1.080386	    1.082016	    1.092356	    1.093504	    1.127968	    1.128122	    1.130296	    1.133857	
  1.72675e+08	    1.079984	    1.084881	    1.092980	    1.093718	    1.129805	    1.128472	    1.128982	    1.133120	
  1.72755e+08	    1.081229	    1.085090	    1.090411	    1.092314	    1.127772	    1.124081	    1.123914	    1.126858	
  1.72835e+08	    1.079239	    1.086703	    1.089459	    1.090482	    1.127172	    1.124379	    1.125109	    1.124304	
  1.72915e+08	    1.081722	    1.088330	    1.089075	    1.090643	    1.127523	    1.125264	    1.126772	    1.122926	
  1.72995e+08	    1.081036	    1.086431	    1.087394	    1.089301	    1.126626	    1.123120	    1.124757	    1.126225	
  1.73075e+08	    1.081310	    1.086667	    1.085923	    1.088219	    1.124381	    1.121798	    1.122783	    1.121365	
  1.73155e+08	    1.082714	    1.083620	    1.086008	    1.087514	    1.124997	    1.120940	    1.118101	    1.119396	
  1.73235e+08	    1.051469	    1.052419	    1.054689	    1.055836	    1.091091	    1.087612	    1.089322	    1.087017	
  1.73315e+08	    0.934693	    0.933030	    0.936846	    0.937122	    0.969475	    0.967754	    0.961269	    0.957861	
  1.73395e+08	    0.000000	    0.000000	    0.000000	    0.000000	    0.000000	    0.000000	    0.000000	    0.000000	
  1.73475e+08	    0.000000	    0.000000	    0.000000	    0.000000	    0.000000	    0.000000	    0.000000	    0.000000	
  1.73555e+08	    0.913704	    0.909782	    0.917747	    0.917589	    0.943253	    0.941240	    0.930342	    0.933896	
  1.73635e+08	    1.042890	    1.038079	    1.049635	    1.049147	    1.074992	    1.073142	    1.071835	    1.071374	
  1.73715e+08	    1.082419	    1.077546	    1.088376	    1.086387	    1.113465	    1.111372	    1.109260	    1.109990	
  1.73795e+08	    1.081969	    1.080009	    1.088203	    1.086565	    1.112906	    1.111198	    1.108159	    1.114853	
  1.73875e+08	    1.081925	    1.080186	    1.086880	    1.085200	    1.110861	    1.108455	    1.109214	    1.113259	
  1.73955e+08	    1.082997	    1.084233	    1.087152	    1.086013	    1.110450	    1.108829	    1.108880	    1.111289	
  1.74035e+08	    1.080484	    1.083621	    1.085406	    1.084329	    1.107872	    1.105722	    1.105882	    1.103529	
  1.74115e+08	    1.079667	    1.084592	    1.084689	    1.084722	    1.104998	    1.103336	    1.106610	    1.106335	
  1.74195e+08	    1.081952	    1.086204	    1.085395	    1.085657	    1.104611	    1.104836	    1.105717	    1.112499	
  1.74275e+08	    1.080063	    1.085236	    1.082849	    1.083776	    1.103902	    1.101783	    1.100913	    1.108990	
  1.74355e+08	    1.080986	    1.084092	    1.081991	    1.082661	    1.101595	    1.099704	    1.097993	    1.102921	
  1.74435e+08	    1.080776	    1.082381	    1.080951	    1.081390	    1.101034	    1.098563	    1.098583	    1.100004	
  1.74515e+08	    1.048571	    1.049121	    1.047451	    1.049064	    1.069246	    1.067683	    1.065115	    1.066976	
  1.74595e+08	    0.930636	    0.930500	    0.928755	    0.930151	    0.949402	    0.948681	    0.941642	    0.945214	
  1.74675e+08	    0.000000	    0.000000	    0.000000	    0.000000	    0.000000	    0.000000	    0.000000	    0.000000	
  1.74755e+08	    0.000000	    0.000000	    0.000000	    0.000000	    0.000000	    0.000000	    0.000000	    0.000000	
  1.74835e+08	    0.909677	    0.906772	    0.907581	    0.909527	    0.930293	    0.930589	    0.919609	    0.916543	
  1.74915e+08	    1.039468	    1.036194	    1.038889	    1.040793	    1.058975	    1.059259	    1.055559	    1.049498	
  1.74995e+08	    1.076720	    1.073626	    1.077067	    1.078280	    1.098427	    1.098053	    1.089520	    1.093963	
  1.75075e+08	    1.077067	    1.075644	    1.076961	    1.078810	    1.097326	    1.097780	    1.089423	    1.091919	
  1.75155e+08	    1.074312	    1.075104	    1.076022	    1.077081	    1.094672	    1.095686	    1.085606	    1.085428	
  1.75235e+08	    1.075974	    1.077141	    1.076167	    1.076477	    1.092588	    1.095761	    1.086716	    1.085801	
  1.75315e+08	    1.072689	    1.077173	    1.072496	    1.073221	    1.089646	    1.091353	    1.085066	    1.082169	
  1.75395e+08	    1.073891	    1.077383	    1.071443	    1.070936	    1.086702	    1.088784	    1.078882	    1.079884	
  1.75475e+08	    1.074379	    1.080485	    1.071197	    1.071224	    1.087466	    1.090005	    1.080477	    1.081567	
  1.75555e+08	    1.074048	    1.079393	    1.069466	    1.068971	    1.085364	    1.087659	    1.078270	    1.076426	
  1.75635e+08	    1.073006	    1.077702	    1.069731	    1.068468	    1.084160	    1.085589	    1.075735	    1.076458	
  1.75715e+08	    1.074033	    1.075867	    1.069200	    1.067685	    1.081318	    1.083608	    1.078755	    1.073983	
  1.75795e+08	    1.041771	    1.043003	    1.037920	    1.036773	    1.048557	    1.051120	    1.045813	    1.046778	
  1.75875e+08	    0.924150	    0.925128	    0.920170	    0.919447	    0.932834	    0.934302	    0.924433	    0.925622	
  1.75955e+08	    0.000000	    0.000000	    0.000000	    0.000000	    0.000000	    0.000000	    0.000000	    0.000000	
  1.76035e+08	    0.000000	    0.000000	    0.000000	    0.000000	    0.000000	    0.000000	    0.000000	    0.000000	
  1.76115e+08	    0.901085	    0.899343	    0.896666	    0.896015	    0.909792	    0.909390	    0.897744	    0.900199	
  1.76195e+08	    1.028228	    1.024586	    1.024291	    1.024207	    1.035284	    1.035292	    1.031962	    1.031571	
  1.76275e+08	    1.064564	    1.061382	    1.060969	    1.060764	    1.070816	    1.071323	    1.070645	    1.064282	
  1.76355e+08	    1.064782	    1.061259	    1.060684	    1.060403	    1.070286	    1.070780	    1.070927	    1.062676	
  1.76435e+08	    1.062052	    1.062086	    1.059177	    1.059032	    1.069705	    1.068897	    1.070062	    1.061141	
  1.76515e+08	    1.061801	    1.063054	    1.059949	    1.060031	    1.069510	    1.067364	    1.070227	    1.061366	
  1.76595e+08	    1.059396	    1.062437	    1.057582	    1.057766	    1.066160	    1.064642	    1.062346	    1.062856	
  1.76675e+08	    1.059273	    1.062816	    1.055739	    1.056390	    1.063916	    1.060923	    1.060589	    1.057604	
  1.76755e+08	    1.058980	    1.063888	    1.055900	    1.056829	    1.064403	    1.062526	    1.063156	    1.057563	
  1.76835e+08	    1.058204	    1.062519	    1.052639	    1.054214	    1.060979	    1.060806	    1.062147	    1.055393	
  1.76915e+08	    1.058583	    1.060757	    1.050933	    1.052247	    1.059359	    1.058573	    1.059399	    1.061425	
  1.76995e+08	    1.057190	    1.059384	    1.049459	    1.049907	    1.059874	    1.056699	    1.057687	    1.062170	
  1.77075e+08	    1.025303	    1.026371	    1.016762	    1.018003	    1.028023	    1.024824	    1.025783	    1.030077	
  1.77155e+08	    0.909255	    0.910058	    0.901340	    0.902529	    0.914019	    0.911419	    0.909682	    0.908989	
  1.77235e+08	    0.000000	    0.000000	    0.000000	    0.000000	    0.000000	    0.000000	    0.000000	    0.000000	
  1.77315e+08	    0.000000	    0.000000	    0.000000	    0.000000	    0.000000	    0.000000	    0.000000	    0.000000	
  1.77395e+08	    0.884689	    0.883826	    0.881326	    0.882078	    0.893340	    0.893162	    0.885839	    0.887936	
  1.77475e+08	    1.009807	    1.006856	    1.008649	    1.009132	    1.017885	    1.017665	    1.013332	    1.016772	
  1.77555e+08	    1.044403	    1.042593	    1.045200	    1.045363	    1.054491	    1.052684	    1.052117	    1.049376	
  1.77635e+08	    1.044580	    1.042760	    1.044690	    1.045465	    1.054180	    1.054500	    1.055838	    1.050099	
  1.77715e+08	    1.041347	    1.041764	    1.042571	    1.042480	    1.052032	    1.053441	    1.052754	    1.049277	
  1.77795e+08	    1.042325	    1.043644	    1.041362	    1.042599	    1.052585	    1.052869	    1.053626	    1.050675	
  1.77875e+08	    1.040089	    1.042466	    1.038484	    1.039199	    1.048861	    1.050129	    1.050376	    1.045417	
  1.77955e+08	    1.038089	    1.043443	    1.036234	    1.038143	    1.047515	    1.046924	    1.049467	    1.039936	
  1.78035e+08	    1.040357	    1.045894	    1.036776	    1.038575	    1.049133	    1.047554	    1.052510	    1.041719	
  1.78115e+08	    1.040645	    1.043842	    1.035987	    1.036792	    1.046491	    1.045784	    1.048214	    1.045770	
  1.78195e+08	    1.038989	    1.043967	    1.035159	    1.035767	    1.044942	    1.045383	    1.045154	    1.046743	
  1.78275e+08	    1.039560	    1.042630	    1.035114	    1.034842	    1.044113	    1.043959	    1.046004	    1.043888	
  1.78355e+08	    1.009188	    1.010497	    1.003815	    1.003566	    1.012592	    1.012527	    1.013310	    1.013835	
  1.78435e+08	    0.895808	    0.896272	    0.889974	    0.889361	    0.901005	    0.901214	    0.898976	    0.896972	
  1.78515e+08	    0.000000	    0.000000	    0.000000	    0.000000	    0.000000	    0.000000	    0.000000	    0.000000	
  1.78595e+08	    0.000000	    0.000000	    0.000000	    0.000000	    0.000000	    0.000000	    0.000000	    0.000000	
  1.78675e+08	    0.870794	    0.867991	    0.865509	    0.864194	    0.884195	    0.882451	    0.877174	    0.879483	
  1.78755e+08	    0.993133	    0.988792	    0.991147	    0.990383	    1.007804	    1.005508	    1.012507	    1.004024	
  1.78835e+08	    1.028814	    1.023036	    1.026939	    1.026876	    1.043916	    1.042586	    1.051246	    1.046810	
  1.78915e+08	    1.028279	    1.024095	    1.027319	    1.026611	    1.044329	    1.042102	    1.047458	    1.045595	
  1.78995e+08	    1.025701	    1.023323	    1.026359	    1.025842	    1.041849	    1.040784	    1.045976	    1.044830	
  1.79075e+08	    1.027039	    1.023273	    1.026810	    1.026119	    1.043523	    1.040512	    1.046725	    1.042925	
  1.79155e+08	    1.023681	    1.023789	    1.024731	    1.023349	    1.041613	    1.039148	    1.044912	    1.039031	
  1.79235e+08	    1.023560	    1.024394	    1.022915	    1.021359	    1.039871	    1.038366	    1.044763	    1.040830	
  1.79315e+08	    1.025050	    1.027240	    1.023056	    1.021665	    1.040899	    1.038755	    1.043644	    1.041931	
  1.79395e+08	    1.023574	    1.028012	    1.020512	    1.019000	    1.038867	    1.036108	    1.039646	    1.040196	
  1.79475e+08	    1.023954	    1.027197	    1.018753	    1.018227	    1.037142	    1.035193	    1.041669	    1.033036	
  1.79555e+08	    1.023465	    1.026585	    1.018400	    1.017150	    1.035783	    1.034358	    1.039095	    1.034787	
  1.79635e+08	    0.994061	    0.996098	    0.988157	    0.988236	    1.006105	    1.003744	    1.009693	    1.006558	
  1.79715e+08	    0.883780	    0.884947	    0.875469	    0.876131	    0.896236	    0.893059	    0.893136	    0.892511	
  1.79795e+08	    0.000000	    0.000000	    0.000000	    0.000000	    0.000000	    0.000000	    0.000000	    0.000000	
  1.79875e+08	    0.000000	    0.000000	    0.000000	    0.000000	    0.000000	    0.000000	    0.000000	    0.000000	
  1.79955e+08	    0.865210	    0.862167	    0.856389	    0.855936	    0.873439	    0.873054	    0.871983	    0.867265	
  1.80035e+08	    0.988249	    0.983149	    0.980843	    0.979159	    0.995549	    0.994376	    0.999953	    0.999790	
  1.80115e+08	    1.022949	    1.017276	    1.016429	    1.014514	    1.031316	    1.029426	    1.036919	    1.040713	
  1.80195e+08	    1.024069	    1.018006	    1.015998	    1.013915	    1.032357	    1.030852	    1.035151	    1.038797	
  1.80275e+08	    1.021473	    1.015683	    1.013991	    1.012923	    1.031446	    1.030337	    1.036803	    1.036006	
  1.80355e+08	    1.021454	    1.017098	    1.014528	    1.013010	    1.032251	    1.032159	    1.038491	    1.036095	
  1.80435e+08	    1.018116	    1.017028	    1.011799	    1.012310	    1.030293	    1.028754	    1.039822	    1.036473	
  1.80515e+08	    1.018854	    1.018438	    1.011352	    1.012396	    1.026766	    1.028530	    1.034378	    1.039059	
  1.80595e+08	    1.018318	    1.020832	    1.012592	    1.013576	    1.029108	    1.029947	    1.038751	    1.040460	
  1.80675e+08	    1.018506	    1.021219	    1.010688	    1.012784	    1.028203	    1.027797	    1.037142	    1.035569	
  1.80755e+08	    1.016452	    1.022478	    1.010360	    1.011891	    1.028282	    1.027501	    1.043074	    1.033325	
  1.80835e+08	    1.017143	    1.021558	    1.009352	    1.011021	    1.027486	    1.027182	    1.039463	    1.033484	
  1.80915e+08	    0.986870	    0.991675	    0.979475	    0.980825	    0.997859	    0.997716	    1.010167	    1.006243	
  1.80995e+08	    0.878127	    0.880510	    0.868198	    0.869342	    0.887161	    0.888257	    0.891169	    0.888840	
  1.81075e+08	    0.000000	    0.000000	    0.000000	    0.000000	    0.000000	    0.000000	    0.000000	    0.000000	
  1.81155e+08	    0.000000	    0.000000	    0.000000	    0.000000	    0.000000	    0.000000	    0.000000	    0.000000	
  1.81235e+08	    0.859124	    0.856651	    0.847423	    0.849880	    0.868220	    0.867405	    0.868729	    0.867781	
  1.81315e+08	    0.981112	    0.977551	    0.972038	    0.973527	    0.988714	    0.987618	    0.994541	    0.996233	
  1.81395e+08	    1.016733	    1.012682	    1.008085	    1.009387	    1.025289	    1.023876	    1.032728	    1.028791	
  1.81475e+08	    1.015720	    1.011933	    1.009357	    1.010613	    1.025246	    1.023840	    1.033257	    1.029051	
  1.81555e+08	    1.014515	    1.011423	    1.008187	    1.009738	    1.023139	    1.021988	    1.034643	    1.030113	
  1.81635e+08	    1.015974	    1.011877	    1.008852	    1.009391	    1.024027	    1.022964	    1.033247	    1.031147	
  1.81715e+08	    1.013852	    1.011662	    1.007193	    1.007451	    1.021436	    1.020553	    1.026393	    1.027590	
  1.81795e+08	    1.011833	    1.013427	    1.006405	    1.006239	    1.022712	    1.018317	    1.028232	    1.022520	
  1.81875e+08	    1.014087	    1.016444	    1.007042	    1.007053	    1.024262	    1.021956	    1.032870	    1.022517	
  1.81955e+08	    1.014154	    1.018117	    1.006176	    1.005133	    1.023448	    1.020839	    1.033330	    1.022498	
  1.82035e+08	    1.012931	    1.018478	    1.005602	    1.005392	    1.022971	    1.019346	    1.031161	    1.023643	
  1.82115e+08	    1.014823	    1.020696	    1.005802	    1.005446	    1.022571	    1.019313	    1.030142	    1.023767	
  1.82195e+08	    0.985672	    0.990455	    0.976915	    0.977297	    0.992175	    0.988549	    0.999477	    0.992957	
  1.82275e+08	    0.876608	    0.881111	    0.866568	    0.866990	    0.883649	    0.879809	    0.886969	    0.875474	
  1.82355e+08	    0.000000	    0.000000	    0.000000	    0.000000	    0.000000	    0.000000	    0.000000	    0.000000	
  1.82435e+08	    0.000000	    0.000000	    0.000000	    0.000000	    0.000000	    0.000000	    0.000000	    0.000000	
  1.82515e+08	    0.860435	    0.858414	    0.848649	    0.847806	    0.863689	    0.860938	    0.855922	    0.853745	
  1.82595e+08	    0.981321	    0.978199	    0.971406	    0.971494	    0.983733	    0.980837	    0.987161	    0.979763	
  1.82675e+08	    1.015776	    1.012045	    1.007313	    1.006947	    1.018786	    1.015507	    1.021790	    1.015014	
  1.82755e+08	    1.015979	    1.012425	    1.007749	    1.007588	    1.020914	    1.016895	    1.022647	    1.018805	
  1.82835e+08	    1.015402	    1.010910	    1.007516	    1.007624	    1.021237	    1.014834	    1.019347	    1.017123	
  1.82915e+08	    1.016661	    1.012624	    1.008583	    1.009437	    1.020429	    1.016659	    1.017355	    1.019694	
  1.82995e+08	    1.014379	    1.012425	    1.007812	    1.008495	    1.018527	    1.013746	    1.015668	    1.017585	
  1.83075e+08	    1.014747	    1.014240	    1.008549	    1.008564	    1.017147	    1.013377	    1.020120	    1.014287	
  1.83155e+08	    1.015460	    1.017815	    1.009259	    1.009822	    1.018321	    1.013759	    1.020027	    1.019286	
  1.83235e+08	    1.014270	    1.017927	    1.008004	    1.008366	    1.016749	    1.012336	    1.014263	    1.020211	
  1.83315e+08	    1.015477	    1.019752	    1.007198	    1.007301	    1.016179	    1.010862	    1.012454	    1.019850	
  1.83395e+08	    1.015256	    1.020461	    1.006657	    1.006795	    1.015132	    1.011767	    1.014190	    1.016560	
  1.83475e+08	    0.986637	    0.992703	    0.977237	    0.977298	    0.985921	    0.982093	    0.987759	    0.983811	
  1.83555e+08	    0.878186	    0.882691	    0.866076	    0.866559	    0.876523	    0.874217	    0.870726	    0.874490	
  1.83635e+08	    0.000000	    0.000000	    0.000000	    0.000000	    0.000000	    0.000000	    0.000000	    0.000000	
  1.83715e+08	    0.000000	    0.000000	    0.000000	    0.000000	    0.000000	    0.000000	    0.000000	    0.000000	
  1.83795e+08	    0.861310	    0.859643	    0.848369	    0.849685	    0.854545	    0.852087	    0.845979	    0.847904	
  1.83875e+08	    0.984387	    0.980647	    0.973122	    0.973546	    0.973746	    0.972055	    0.972151	    0.970396	
  1.83955e+08	    1.019063	    1.014923	    1.008946	    1.009350	    1.010158	    1.008130	    1.007008	    1.008124	
  1.84035e+08	    1.019049	    1.013933	    1.009776	    1.010234	    1.009928	    1.009036	    1.004676	    1.013019	
  1.84115e+08	    1.017910	    1.013734	    1.008955	    1.009220	    1.008468	    1.007499	    1.003220	    1.011614	
  1.84195e+08	    1.017892	    1.014902	    1.009000	    1.009487	    1.008227	    1.007060	    1.004173	    1.008103	
  1.84275e+08	    1.016207	    1.013795	    1.006993	    1.007874	    1.006120	    1.004187	    1.007251	    1.007751	
  1.84355e+08	    1.016051	    1.014826	    1.006592	    1.007334	    1.005334	    1.002801	    1.000854	    1.009481	
  1.84435e+08	    1.017080	    1.017704	    1.007708	    1.008820	    1.007116	    1.004464	    1.001682	    1.012974	
  1.84515e+08	    1.016793	    1.018350	    1.006717	    1.008636	    1.006042	    1.002478	    0.999561	    1.009850	
  1.84595e+08	    1.016421	    1.019935	    1.007000	    1.008654	    1.005439	    1.002010	    0.998151	    1.002369	
  1.84675e+08	    1.018902	    1.022187	    1.007479	    1.009008	    1.003935	    1.000783	    0.997207	    1.001700	
  1.84755e+08	    0.987991	    0.993487	    0.978406	    0.979851	    0.973966	    0.970814	    0.969767	    0.973550	
  1.84835e+08	    0.879496	    0.883272	    0.867163	    0.868680	    0.865944	    0.863260	    0.854043	    0.859066	
  1.84915e+08	    0.000000	    0.000000	    0.000000	    0.000000	    0.000000	    0.000000	    0.000000	    0.000000	
  1.84995e+08	    0.000000	    0.000000	    0.000000	    0.000000	    0.000000	    0.000000	    0.000000	    0.000000	
  1.85075e+08	    0.861790	    0.861294	    0.847047	    0.847322	    0.847640	    0.845462	    0.837057	    0.830400	
  1.85155e+08	    0.983385	    0.981486	    0.969782	    0.970442	    0.966593	    0.964396	    0.957714	    0.957196	
  1.85235e+08	    1.017702	    1.015620	    1.005869	    1.006697	    1.000429	    1.000621	    0.990050	    0.992285	
  1.85315e+08	    1.018199	    1.013754	    1.007392	    1.007454	    1.000350	    1.000100	    0.992186	    0.992797	
  1.85395e+08	    1.017545	    1.012349	    1.007028	    1.006877	    0.998965	    0.997549	    0.989650	    0.986143	
  1.85475e+08	    1.017487	    1.012426	    1.008582	    1.007731	    0.999970	    0.998484	    0.988972	    0.988048	
  1.85555e+08	    1.014912	    1.010351	    1.006624	    1.006394	    0.998256	    0.995608	    0.986292	    0.993221	
  1.85635e+08	    1.013796	    1.012205	    1.006770	    1.005141	    0.996232	    0.995387	    0.986193	    0.989012	
  1.85715e+08	    1.014250	    1.015293	    1.007348	    1.005875	    0.996991	    0.996196	    0.983903	    0.992474	
  1.85795e+08	    1.012544	    1.015875	    1.005061	    1.004432	    0.993244	    0.994023	    0.984973	    0.985559	
  1.85875e+08	    1.012732	    1.016958	    1.004068	    1.003680	    0.991902	    0.992757	    0.987194	    0.987346	
  1.85955e+08	    1.012934	    1.018682	    1.002813	    1.003138	    0.991708	    0.991627	    0.986658	    0.988387	
  1.86035e+08	    0.983875	    0.990793	    0.974103	    0.974409	    0.962060	    0.962689	    0.954888	    0.961651	
  1.86115e+08	    0.875985	    0.881176	    0.864333	    0.864803	    0.857496	    0.856495	    0.845261	    0.847707	
  1.86195e+08	    0.000000	    0.000000	    0.000000	    0.000000	    0.000000	    0.000000	    0.000000	    0.000000	
  1.86275e+08	    0.000000	    0.000000	    0.000000	    0.000000	    0.000000	    0.000000	    0.000000	    0.000000	
  1.86355e+08	    0.854279	    0.855636	    0.844734	    0.845175	    0.832475	    0.833819	    0.822631	    0.824126	
  1.86435e+08	    0.975423	    0.975088	    0.965733	    0.965731	    0.949100	    0.949333	    0.944114	    0.947729	
  1.86515e+08	    1.009976	    1.008100	    1.001705	    1.000625	    0.982455	    0.985172	    0.978332	    0.984859	
  1.86595e+08	    1.011109	    1.007289	    1.001593	    1.000528	    0.983698	    0.984663	    0.980124	    0.982636	
  1.86675e+08	    1.009210	    1.004618	    0.999971	    0.998907	    0.981284	    0.983372	    0.978614	    0.985996	
  1.86755e+08	    1.008922	    1.004503	    1.000555	    0.999166	    0.981742	    0.983604	    0.979249	    0.987706	
  1.86835e+08	    1.005578	    1.001943	    0.999243	    0.997614	    0.978869	    0.981431	    0.972874	    0.984387	
  1.86915e+08	    1.004708	    1.003457	    0.998620	    0.997628	    0.975334	    0.978759	    0.976499	    0.980036	
  1.86995e+08	    1.004864	    1.004678	    0.999639	    0.998579	    0.977579	    0.978482	    0.974841	    0.978549	
  1.87075e+08	    1.002658	    1.004688	    0.997858	    0.997930	    0.975834	    0.977348	    0.974208	    0.974848	
  1.87155e+08	    1.003217	    1.005901	    0.997640	    0.996937	    0.974155	    0.976732	    0.971996	    0.976356	
  1.87235e+08	    1.002237	    1.007865	    0.996256	    0.996198	    0.972461	    0.975899	    0.969046	    0.975456	
  1.87315e+08	    0.973534	    0.980237	    0.967060	    0.967074	    0.942864	    0.945956	    0.939347	    0.942167	
  1.87395e+08	    0.866455	    0.870465	    0.857057	    0.857482	    0.837314	    0.841278	    0.831288	    0.833019	
  1.87475e+08	    0.000000	    0.000000	    0.000000	    0.000000	    0.000000	    0.000000	    0.000000	    0.000000	
  1.87555e+08	    0.000000	    0.000000	    0.000000	    0.000000	    0.000000	    0.000000	    0.000000	    0.000000	
  1.87635e+08	    0.846151	    0.849778	    0.836596	    0.835864	    0.818331	    0.820420	    0.803081	    0.809588	
  1.87715e+08	    0.966437	    0.967631	    0.956470	    0.956969	    0.932389	    0.935519	    0.920298	    0.927494	
  1.87795e+08	    1.000608	    1.000800	    0.990997	    0.991923	    0.965688	    0.968670	    0.962102	    0.961106	
  1.87875e+08	    1.001057	    0.998711	    0.991682	    0.992719	    0.965718	    0.969721	    0.963005	    0.964751	
  1.87955e+08	    0.999992	    0.995092	    0.990032	    0.991282	    0.963504	    0.967475	    0.963715	    0.970139	
  1.88035e+08	    0.997664	    0.994682	    0.989957	    0.991302	    0.964062	    0.968602	    0.963962	    0.965791	
  1.88115e+08	    0.995476	    0.992315	    0.987167	    0.988427	    0.962490	    0.965641	    0.962626	    0.964014	
  1.88195e+08	    0.992424	    0.991296	    0.985063	    0.986490	    0.961900	    0.964634	    0.964708	    0.959164	
  1.88275e+08	    0.993322	    0.992881	    0.986283	    0.986084	    0.961445	    0.965905	    0.965199	    0.964236	
  1.88355e+08	    0.990570	    0.992584	    0.983802	    0.983679	    0.958627	    0.963198	    0.959098	    0.965304	
  1.88435e+08	    0.989065	    0.992919	    0.983057	    0.982754	    0.954920	    0.961207	    0.953071	    0.960481	
  1.88515e+08	    0.989164	    0.994817	    0.982387	    0.982777	    0.954114	    0.958545	    0.955109	    0.954670	
  1.88595e+08	    0.960107	    0.966301	    0.953269	    0.954041	    0.925502	    0.930715	    0.924706	    0.923269	
  1.88675e+08	    0.852975	    0.858439	    0.845501	    0.845886	    0.823787	    0.827216	    0.820288	    0.822858	
  1.88755e+08	    0.000000	    0.000000	    0.000000	    0.000000	    0.000000	    0.000000	    0.000000	    0.000000	
  1.88835e+08	    0.000000	    0.000000	    0.000000	    0.000000	    0.000000	    0.000000	    0.000000	    0.000000	
  1.88915e+08	    0.835245	    0.837497	    0.823478	    0.822049	    0.803855	    0.808279	    0.796844	    0.798483	
  1.88995e+08	    0.953464	    0.954980	    0.942324	    0.940349	    0.916055	    0.919238	    0.915271	    0.917506	
  1.89075e+08	    0.988106	    0.985779	    0.976065	    0.973706	    0.948574	    0.953247	    0.953649	    0.955349	
  1.89155e+08	    0.987175	    0.983057	    0.976481	    0.973866	    0.950616	    0.952658	    0.956239	    0.960017	
  1.89235e+08	    0.984121	    0.981466	    0.974697	    0.972624	    0.951485	    0.953467	    0.954332	    0.954686	
  1.89315e+08	    0.983738	    0.979099	    0.975582	    0.972898	    0.952686	    0.954630	    0.955280	    0.958059	
  1.89395e+08	    0.981397	    0.976622	    0.973330	    0.971841	    0.950797	    0.952379	    0.954410	    0.953968	
  1.89475e+08	    0.979808	    0.975313	    0.972552	    0.970267	    0.947945	    0.951169	    0.951190	    0.952795	
  1.89555e+08	    0.979394	    0.978053	    0.974001	    0.971064	    0.948140	    0.951310	    0.948124	    0.955119	
  1.89635e+08	    0.977266	    0.976630	    0.971956	    0.969002	    0.946264	    0.947518	    0.944118	    0.947183	
  1.89715e+08	    0.976755	    0.977261	    0.970724	    0.967663	    0.944156	    0.946564	    0.941801	    0.942077	
  1.89795e+08	    0.974718	    0.978670	    0.969477	    0.965660	    0.943378	    0.945999	    0.940157	    0.941349	
  1.89875e+08	    0.947065	    0.951259	    0.940802	    0.936876	    0.914512	    0.917856	    0.905888	    0.911998	
  1.89955e+08	    0.840647	    0.845752	    0.833134	    0.829983	    0.813447	    0.817326	    0.797323	    0.806793	
  1.90035e+08	    0.000000	    0.000000	    0.000000	    0.000000	    0.000000	    0.000000	    0.000000	    0.000000	
  1.90115e+08	    0.000000	    0.000000	    0.000000	    0.000000	    0.000000	    0.000000	    0.000000	    0.000000	
  1.90195e+08	    0.821799	    0.824841	    0.814096	    0.812826	    0.793728	    0.797706	    0.777051	    0.780753	
  1.90275e+08	    0.937534	    0.940708	    0.931913	    0.930604	    0.906586	    0.908736	    0.896229	    0.897998	
  1.90355e+08	    0.971177	    0.971900	    0.966347	    0.965020	    0.939126	    0.942076	    0.928476	    0.932344	
  1.90435e+08	    0.970579	    0.971451	    0.966655	    0.965219	    0.940013	    0.943996	    0.929997	    0.928671	
  1.90515e+08	    0.968621	    0.967378	    0.965287	    0.963326	    0.938938	    0.943150	    0.930225	    0.926128	
  1.90595e+08	    0.966932	    0.965083	    0.964823	    0.963138	    0.939853	    0.943638	    0.935845	    0.929386	
  1.90675e+08	    0.964790	    0.962728	    0.962110	    0.960601	    0.937139	    0.941694	    0.932860	    0.932214	
  1.90755e+08	    0.962189	    0.960516	    0.960165	    0.959140	    0.937498	    0.941138	    0.927344	    0.928172	
  1.90835e+08	    0.961997	    0.960953	    0.960371	    0.959953	    0.938181	    0.942447	    0.928341	    0.924542	
  1.90915e+08	    0.960391	    0.961118	    0.958155	    0.958948	    0.935887	    0.940296	    0.927825	    0.921027	
  1.90995e+08	    0.959098	    0.961803	    0.957189	    0.958144	    0.933444	    0.939050	    0.926294	    0.923921	
  1.91075e+08	    0.957408	    0.963866	    0.957529	    0.957596	    0.931586	    0.937119	    0.922102	    0.919407	
  1.91155e+08	    0.929048	    0.935906	    0.928627	    0.929823	    0.904193	    0.909920	    0.892365	    0.893025	
  1.91235e+08	    0.825905	    0.831993	    0.822766	    0.823751	    0.804671	    0.809483	    0.787661	    0.783714	
  1.91315e+08	    0.000000	    0.000000	    0.000000	    0.000000	    0.000000	    0.000000	    0.000000	    0.000000	
  1.91395e+08	    0.000000	    0.000000	    0.000000	    0.000000	    0.000000	    0.000000	    0.000000	    0.000000	
  1.91475e+08	    0.807277	    0.811447	    0.800687	    0.800336	    0.785778	    0.793020	    0.770441	    0.767081	
  1.91555e+08	    0.921416	    0.925647	    0.916524	    0.916644	    0.894823	    0.902617	    0.884025	    0.885129	
  1.91635e+08	    0.954925	    0.956657	    0.949733	    0.949567	    0.929221	    0.935018	    0.920302	    0.919558	
  1.91715e+08	    0.955288	    0.955421	    0.949965	    0.950697	    0.930043	    0.934882	    0.924775	    0.919724	
  1.91795e+08	    0.952620	    0.951576	    0.948989	    0.949902	    0.929871	    0.934504	    0.927285	    0.925246	
  1.91875e+08	    0.951933	    0.949812	    0.949475	    0.951490	    0.931902	    0.935940	    0.929724	    0.929875	
  1.91955e+08	    0.948664	    0.945771	    0.948845	    0.949571	    0.930927	    0.933690	    0.924876	    0.926410	
  1.92035e+08	    0.947658	    0.944553	    0.947567	    0.948936	    0.928751	    0.932598	    0.923816	    0.921722	
  1.92115e+08	    0.948260	    0.945409	    0.948492	    0.949317	    0.929784	    0.932979	    0.930458	    0.925325	
  1.92195e+08	    0.945362	    0.945183	    0.947182	    0.947358	    0.926499	    0.929892	    0.924537	    0.923199	
  1.92275e+08	    0.944972	    0.946877	    0.945649	    0.945914	    0.926029	    0.927506	    0.918727	    0.921961	
  1.92355e+08	    0.945332	    0.947006	    0.944589	    0.945056	    0.925434	    0.926585	    0.913781	    0.916866	
  1.92435e+08	    0.917145	    0.921205	    0.916187	    0.917709	    0.899546	    0.899255	    0.891088	    0.886529	
  1.92515e+08	    0.814644	    0.820149	    0.812356	    0.813847	    0.799616	    0.799941	    0.787200	    0.781726	
  1.92595e+08	    0.000000	    0.000000	    0.000000	    0.000000	    0.000000	    0.000000	    0.000000	    0.000000	
  1.92675e+08	    0.000000	    0.000000	    0.000000	    0.000000	    0.000000	    0.000000	    0.000000	    0.000000	
  1.92755e+08	    0.797340	    0.802264	    0.796098	    0.796474	    0.780972	    0.781228	    0.766877	    0.764888	
  1.92835e+08	    0.911456	    0.915670	    0.912128	    0.912607	    0.890966	    0.889030	    0.886234	    0.880322	
  1.92915e+08	    0.945027	    0.947097	    0.945689	    0.945880	    0.924230	    0.922374	    0.924653	    0.914216	
  1.92995e+08	    0.945650	    0.946684	    0.946223	    0.945720	    0.925915	    0.924800	    0.925895	    0.919191	
  1.93075e+08	    0.943576	    0.943101	    0.945380	    0.944824	    0.925360	    0.924708	    0.926198	    0.922616	
  1.93155e+08	    0.943234	    0.941760	    0.945531	    0.944578	    0.926843	    0.925999	    0.927935	    0.926652	
  1.93235e+08	    0.941064	    0.937576	    0.943472	    0.943233	    0.924407	    0.923895	    0.931969	    0.922043	
  1.93315e+08	    0.939592	    0.935643	    0.943383	    0.942783	    0.924270	    0.924150	    0.932119	    0.920296	
  1.93395e+08	    0.939165	    0.936491	    0.944758	    0.944109	    0.924663	    0.924680	    0.933376	    0.922835	
  1.93475e+08	    0.937144	    0.935747	    0.944527	    0.943612	    0.923920	    0.923201	    0.928046	    0.925172	
  1.93555e+08	    0.936642	    0.936800	    0.944387	    0.943373	    0.921784	    0.922517	    0.925363	    0.919313	
  1.93635e+08	    0.935231	    0.937661	    0.944459	    0.942633	    0.920485	    0.921696	    0.924934	    0.915118	
  1.93715e+08	    0.908242	    0.911883	    0.916859	    0.915609	    0.893651	    0.892621	    0.894599	    0.886045	
  1.93795e+08	    0.806774	    0.812175	    0.812914	    0.810977	    0.794759	    0.795519	    0.787757	    0.786276	
  1.93875e+08	    0.000000	    0.000000	    0.000000	    0.000000	    0.000000	    0.000000	    0.000000	    0.000000	
  1.93955e+08	    0.000000	    0.000000	    0.000000	    0.000000	    0.000000	    0.000000	    0.000000	    0.000000	
  1.94035e+08	    0.791838	    0.796933	    0.793492	    0.792382	    0.772895	    0.772471	    0.770268	    0.761846	
  1.94115e+08	    0.905217	    0.910098	    0.909264	    0.908474	    0.882137	    0.881991	    0.890593	    0.876612	
  1.94195e+08	    0.938985	    0.942158	    0.943005	    0.942343	    0.915306	    0.915411	    0.922816	    0.914163	
  1.94275e+08	    0.941473	    0.941369	    0.944171	    0.943808	    0.915152	    0.915385	    0.924401	    0.917804	
  1.94355e+08	    0.940455	    0.939339	    0.943662	    0.943491	    0.916126	    0.915474	    0.925343	    0.915888	
  1.94435e+08	    0.939749	    0.939003	    0.944225	    0.943931	    0.917669	    0.916990	    0.928368	    0.918798	
  1.94515e+08	    0.937343	    0.934441	    0.942898	    0.942766	    0.917111	    0.915570	    0.927204	    0.916710	
  1.94595e+08	    0.935666	    0.933045	    0.942365	    0.942007	    0.916100	    0.915534	    0.926510	    0.917963	
  1.94675e+08	    0.935926	    0.933227	    0.942871	    0.942695	    0.915623	    0.916145	    0.923363	    0.918584	
  1.94755e+08	    0.934247	    0.933015	    0.941366	    0.941502	    0.913092	    0.913450	    0.917849	    0.916066	
  1.94835e+08	    0.931549	    0.934492	    0.940980	    0.941736	    0.912193	    0.911233	    0.918494	    0.910576	
  1.94915e+08	    0.931081	    0.935505	    0.940654	    0.942095	    0.911231	    0.910181	    0.915462	    0.908563	
  1.94995e+08	    0.904387	    0.910903	    0.913699	    0.915252	    0.883677	    0.883969	    0.885273	    0.883656	
  1.95075e+08	    0.802826	    0.810872	    0.810787	    0.812085	    0.785753	    0.785527	    0.780476	    0.781280	
  1.95155e+08	    0.000000	    0.000000	    0.000000	    0.000000	    0.000000	    0.000000	    0.000000	    0.000000	
  1.95235e+08	    0.000000	    0.000000	    0.000000	    0.000000	    0.000000	    0.000000	    0.000000	    0.000000	
  1.95315e+08	    0.787760	    0.796522	    0.793502	    0.793431	    0.772025	    0.771467	    0.760890	    0.758424	
  1.95395e+08	    0.901037	    0.910449	    0.908783	    0.908987	    0.879349	    0.879719	    0.874685	    0.877028	
  1.95475e+08	    0.934935	    0.943682	    0.942937	    0.942323	    0.912775	    0.913028	    0.908937	    0.913598	
  1.95555e+08	    0.936179	    0.943314	    0.943527	    0.943050	    0.914393	    0.914560	    0.910998	    0.914734	
  1.95635e+08	    0.936224	    0.939620	    0.943032	    0.942372	    0.913671	    0.914476	    0.913729	    0.913043	
  1.95715e+08	    0.935867	    0.938305	    0.944161	    0.943154	    0.915114	    0.916603	    0.914799	    0.914449	
  1.95795e+08	    0.935066	    0.936140	    0.943176	    0.941965	    0.913442	    0.914162	    0.914344	    0.914085	
  1.95875e+08	    0.933651	    0.931455	    0.943637	    0.942420	    0.911911	    0.913456	    0.909272	    0.912913	
  1.95955e+08	    0.935016	    0.932210	    0.944910	    0.943244	    0.912977	    0.914504	    0.909396	    0.908890	
  1.96035e+08	    0.932975	    0.930465	    0.943832	    0.941826	    0.911718	    0.912336	    0.910282	    0.906705	
  1.96115e+08	    0.932716	    0.931287	    0.943744	    0.941293	    0.911087	    0.911273	    0.910118	    0.903808	
  1.96195e+08	    0.931380	    0.932253	    0.943368	    0.940774	    0.910179	    0.910925	    0.906885	    0.904303	
  1.96275e+08	    0.903720	    0.906884	    0.914922	    0.913185	    0.882974	    0.883115	    0.875476	    0.874444	
  1.96355e+08	    0.802645	    0.806976	    0.811562	    0.809085	    0.785659	    0.785584	    0.772750	    0.769436	
  1.96435e+08	    0.000000	    0.000000	    0.000000	    0.000000	    0.000000	    0.000000	    0.000000	    0.000000	
  1.96515e+08	    0.000000	    0.000000	    0.000000	    0.000000	    0.000000	    0.000000	    0.000000	    0.000000	
  1.96595e+08	    0.787205	    0.792601	    0.792985	    0.791919	    0.767757	    0.767615	    0.754128	    0.747651	
  1.96675e+08	    0.899999	    0.905749	    0.908836	    0.907320	    0.875117	    0.875866	    0.863038	    0.862818	
  1.96755e+08	    0.933593	    0.939043	    0.943510	    0.941446	    0.908697	    0.907942	    0.900752	    0.892231	
  1.96835e+08	    0.934532	    0.937775	    0.944381	    0.941712	    0.909506	    0.908558	    0.905452	    0.893864	
  1.96915e+08	    0.935199	    0.936089	    0.943745	    0.941388	    0.909162	    0.908056	    0.905122	    0.895531	
  1.96995e+08	    0.933914	    0.935150	    0.944837	    0.941516	    0.910618	    0.909725	    0.905415	    0.898095	
  1.97075e+08	    0.932080	    0.931497	    0.942955	    0.939551	    0.908621	    0.906456	    0.902608	    0.898266	
  1.97155e+08	    0.931274	    0.928765	    0.942143	    0.938863	    0.909166	    0.906908	    0.902388	    0.895064	
  1.97235e+08	    0.932621	    0.929214	    0.942986	    0.940012	    0.908536	    0.907725	    0.907495	    0.894756	
  1.97315e+08	    0.930184	    0.926089	    0.941069	    0.939351	    0.905636	    0.904922	    0.904898	    0.893366	
  1.97395e+08	    0.929601	    0.926266	    0.941230	    0.939447	    0.903560	    0.902471	    0.897291	    0.892947	
  1.97475e+08	    0.928054	    0.927030	    0.940793	    0.939951	    0.901686	    0.901106	    0.894083	    0.889326	
  1.97555e+08	    0.900670	    0.900935	    0.914758	    0.913252	    0.875310	    0.873903	    0.867086	    0.860903	
  1.97635e+08	    0.800991	    0.801493	    0.811764	    0.810592	    0.778364	    0.777545	    0.766278	    0.758400	
  1.97715e+08	    0.000000	    0.000000	    0.000000	    0.000000	    0.000000	    0.000000	    0.000000	    0.000000	
