  1.67075e+08	    0.000000	    0.000000	    0.000000	    0.000000	    0.000000	    0.000000	    0.000000	    0.000000	
  1.67155e+08	    0.893141	    0.890418	    0.916144	    0.914885	    0.974422	    0.969004	    0.964199	    0.972411	
  1.67235e+08	    1.019172	    1.016391	    1.047363	    1.045548	    1.110879	    1.104307	    1.105747	    1.115340	
  1.67315e+08	    1.056699	    1.055397	    1.086264	    1.082795	    1.151088	    1.143402	    1.150229	    1.150966	
  1.67395e+08	    1.058464	    1.056329	    1.086776	    1.083887	    1.150317	    1.143037	    1.150425	    1.150354	
  1.67475e+08	    1.056646	    1.057328	    1.085925	    1.082935	    1.149734	    1.142426	    1.148804	    1.152959	
  1.67555e+08	    1.058023	    1.059752	    1.086001	    1.083932	    1.151172	    1.142755	    1.150548	    1.152473	
  1.67635e+08	    1.055398	    1.057709	    1.085036	    1.082166	    1.149138	    1.141357	    1.147017	    1.152194	
  1.67715e+08	    1.055276	    1.056507	    1.083629	    1.082563	    1.146882	    1.139806	    1.147970	    1.145682	
  1.67795e+08	    1.056807	    1.056067	    1.085072	    1.083736	    1.146422	    1.139729	    1.148573	    1.147052	
  1.67875e+08	    1.056099	    1.054865	    1.083106	    1.082045	    1.146028	    1.139232	    1.149875	    1.150235	
  1.67955e+08	    1.056915	    1.055338	    1.082725	    1.080619	    1.144641	    1.138092	    1.147729	    1.150502	
  1.68035e+08	    1.056294	    1.051463	    1.082093	    1.079593	    1.145578	    1.138188	    1.151149	    1.147731	
  1.68115e+08	    1.026386	    1.021486	    1.050304	    1.047872	    1.112108	    1.104267	    1.120364	    1.114565	
  1.68195e+08	    0.912252	    0.905316	    0.930622	    0.929420	    0.989545	    0.982978	    0.990908	    0.987823	
  1.68275e+08	    0.000000	    0.000000	    0.000000	    0.000000	    0.000000	    0.000000	    0.000000	    0.000000	
  1.68355e+08	    0.000000	    0.000000	    0.000000	    0.000000	    0.000000	    0.000000	    0.000000	    0.000000	
  1.68435e+08	    0.890899	    0.886460	    0.907694	    0.908092	    0.967187	    0.962270	    0.965264	    0.963659	
  1.68515e+08	    1.018906	    1.011950	    1.039849	    1.040279	    1.104346	    1.096974	    1.104758	    1.103212	
  1.68595e+08	    1.054550	    1.051347	    1.078228	    1.078371	    1.144679	    1.136711	    1.143945	    1.144101	
  1.68675e+08	    1.056253	    1.053423	    1.078219	    1.079727	    1.145516	    1.137034	    1.147189	    1.145167	
  1.68755e+08	    1.055168	    1.052844	    1.076189	    1.078078	    1.144873	    1.137276	    1.146026	    1.144143	
  1.68835e+08	    1.057152	    1.055863	    1.077422	    1.078191	    1.143738	    1.138903	    1.143844	    1.139096	
  1.68915e+08	    1.055006	    1.055026	    1.075450	    1.077312	    1.141409	    1.135719	    1.141597	    1.137410	
  1.68995e+08	    1.055921	    1.054040	    1.075360	    1.076094	    1.142143	    1.133814	    1.140104	    1.140448	
  1.69075e+08	    1.057417	    1.055635	    1.075374	    1.077018	    1.142623	    1.137061	    1.140953	    1.143910	
  1.69155e+08	    1.057286	    1.054563	    1.074297	    1.076005	    1.141309	    1.135344	    1.137865	    1.143658	
  1.69235e+08	    1.055542	    1.051207	    1.075009	    1.076576	    1.140334	    1.134947	    1.138572	    1.138511	
  1.69315e+08	    1.057341	    1.051243	    1.074617	    1.076877	    1.139362	    1.134183	    1.138142	    1.138881	
  1.69395e+08	    1.026708	    1.018893	    1.043619	    1.045907	    1.104252	    1.101505	    1.108893	    1.108434	
  1.69475e+08	    0.911811	    0.904918	    0.926485	    0.927952	    0.983947	    0.979909	    0.978794	    0.982516	
  1.69555e+08	    0.000000	    0.000000	    0.000000	    0.000000	    0.000000	    0.000000	    0.000000	    0.000000	
  1.69635e+08	    0.000000	    0.000000	    0.000000	    0.000000	    0.000000	    0.000000	    0.000000	    0.000000	
  1.69715e+08	    0.891584	    0.884259	    0.904108	    0.905972	    0.960459	    0.957263	    0.952087	    0.955259	
  1.69795e+08	    1.018399	    1.010793	    1.035249	    1.036600	    1.093975	    1.093211	    1.089794	    1.098807	
  1.69875e+08	    1.056326	    1.049043	    1.073797	    1.074612	    1.134264	    1.131959	    1.130034	    1.138241	
  1.69955e+08	    1.057500	    1.050506	    1.074755	    1.075651	    1.134754	    1.133031	    1.131150	    1.140217	
  1.70035e+08	    1.056867	    1.052299	    1.075465	    1.076511	    1.135103	    1.131992	    1.128296	    1.134862	
  1.70115e+08	    1.058063	    1.054977	    1.076421	    1.077312	    1.135853	    1.134154	    1.132448	    1.136889	
  1.70195e+08	    1.057626	    1.052800	    1.075541	    1.076884	    1.134377	    1.133632	    1.127398	    1.135659	
  1.70275e+08	    1.057186	    1.052789	    1.075814	    1.076155	    1.134594	    1.133647	    1.124517	    1.137481	
  1.70355e+08	    1.058149	    1.056841	    1.076607	    1.077071	    1.136010	    1.135170	    1.126228	    1.140847	
  1.70435e+08	    1.058353	    1.055594	    1.074987	    1.074983	    1.133052	    1.133676	    1.128054	    1.134530	
  1.70515e+08	    1.057434	    1.055816	    1.075121	    1.074346	    1.131776	    1.133427	    1.126088	    1.131847	
  1.70595e+08	    1.057853	    1.052603	    1.074017	    1.074339	    1.132674	    1.133081	    1.122506	    1.136235	
  1.70675e+08	    1.026568	    1.022355	    1.043575	    1.042926	    1.100568	    1.100356	    1.089577	    1.105650	
  1.70755e+08	    0.913296	    0.907436	    0.925366	    0.925988	    0.979967	    0.979646	    0.964409	    0.974820	
  1.70835e+08	    0.000000	    0.000000	    0.000000	    0.000000	    0.000000	    0.000000	    0.000000	    0.000000	
  1.70915e+08	    0.000000	    0.000000	    0.000000	    0.000000	    0.000000	    0.000000	    0.000000	    0.000000	
  1.70995e+08	    0.895676	    0.890073	    0.906393	    0.907112	    0.956518	    0.958320	    0.941484	    0.951854	
  1.71075e+08	    1.024017	    1.017867	    1.038587	    1.039533	    1.090564	    1.091689	    1.081713	    1.095233	
  1.71155e+08	    1.064143	    1.056125	    1.076586	    1.077088	    1.129967	    1.131162	    1.121806	    1.133791	
  1.71235e+08	    1.063936	    1.058538	    1.077569	    1.077127	    1.131007	    1.131438	    1.120938	    1.131497	
  1.71315e+08	    1.063863	    1.061314	    1.077193	    1.076116	    1.130793	    1.132116	    1.120718	    1.131131	
  1.71395e+08	    1.066033	    1.061883	    1.077755	    1.077363	    1.129335	    1.131690	    1.116916	    1.129737	
  1.71475e+08	    1.064343	    1.063581	    1.076625	    1.075731	    1.126363	    1.129443	    1.121609	    1.133165	
  1.71555e+08	    1.063210	    1.064507	    1.076857	    1.076866	    1.126193	    1.127968	    1.119113	    1.126135	
  1.71635e+08	    1.066683	    1.065962	    1.079032	    1.077785	    1.128281	    1.129068	    1.121111	    1.125772	
  1.71715e+08	    1.065398	    1.065554	    1.078623	    1.077395	    1.127241	    1.128332	    1.117210	    1.126052	
  1.71795e+08	    1.066534	    1.064305	    1.078240	    1.077917	    1.126944	    1.127016	    1.118656	    1.126831	
  1.71875e+08	    1.067141	    1.064717	    1.078744	    1.077473	    1.125732	    1.126676	    1.113377	    1.130857	
  1.71955e+08	    1.036601	    1.033283	    1.047592	    1.046964	    1.093973	    1.094878	    1.080923	    1.090986	
  1.72035e+08	    0.921188	    0.917897	    0.929036	    0.928428	    0.972277	    0.974345	    0.958436	    0.964893	
  1.72115e+08	    0.000000	    0.000000	    0.000000	    0.000000	    0.000000	    0.000000	    0.000000	    0.000000	
  1.72195e+08	    0.000000	    0.000000	    0.000000	    0.000000	    0.000000	    0.000000	    0.000000	    0.000000	
  1.72275e+08	    0.901918	    0.897220	    0.907590	    0.907528	    0.947343	    0.948995	    0.930526	    0.944032	
  1.72355e+08	    1.031709	    1.023480	    1.040508	    1.039050	    1.081913	    1.083224	    1.069817	    1.085103	
  1.72435e+08	    1.069557	    1.061945	    1.078873	    1.078519	    1.120577	    1.122201	    1.110664	    1.121114	
  1.72515e+08	    1.072080	    1.064709	    1.081360	    1.080029	    1.120728	    1.121722	    1.107720	    1.123969	
  1.72595e+08	    1.071988	    1.065110	    1.080266	    1.079723	    1.119440	    1.119514	    1.108932	    1.123031	
  1.72675e+08	    1.071940	    1.069029	    1.081557	    1.080259	    1.120235	    1.121400	    1.105889	    1.123361	
  1.72755e+08	    1.072111	    1.068619	    1.079667	    1.078694	    1.119132	    1.118023	    1.102761	    1.115588	
  1.72835e+08	    1.070299	    1.072930	    1.078852	    1.077296	    1.118197	    1.117962	    1.104305	    1.110157	
  1.72915e+08	    1.071083	    1.072805	    1.079360	    1.077970	    1.120524	    1.119634	    1.100713	    1.111043	
  1.72995e+08	    1.070530	    1.071530	    1.077006	    1.076336	    1.118154	    1.117684	    1.104961	    1.114797	
  1.73075e+08	    1.071171	    1.070150	    1.076394	    1.076072	    1.118011	    1.115628	    1.104966	    1.111242	
  1.73155e+08	    1.070314	    1.069595	    1.076911	    1.076645	    1.117767	    1.114876	    1.099777	    1.110742	
  1.73235e+08	    1.040101	    1.038787	    1.046068	    1.045300	    1.084512	    1.081873	    1.068486	    1.072133	
  1.73315e+08	    0.925327	    0.921729	    0.928536	    0.928204	    0.964958	    0.963394	    0.945398	    0.952570	
  1.73395e+08	    0.000000	    0.000000	    0.000000	    0.000000	    0.000000	    0.000000	    0.000000	    0.000000	
  1.73475e+08	    0.000000	    0.000000	    0.000000	    0.000000	    0.000000	    0.000000	    0.000000	    0.000000	
  1.73555e+08	    0.903539	    0.900018	    0.909152	    0.908901	    0.939900	    0.939441	    0.918976	    0.927302	
  1.73635e+08	    1.033201	    1.026635	    1.040766	    1.039110	    1.070983	    1.069348	    1.055929	    1.064557	
  1.73715e+08	    1.071763	    1.065970	    1.078402	    1.076268	    1.110076	    1.108967	    1.092629	    1.101608	
  1.73795e+08	    1.070708	    1.066691	    1.078795	    1.076563	    1.110732	    1.107990	    1.093953	    1.108282	
  1.73875e+08	    1.070931	    1.066653	    1.077674	    1.075867	    1.109473	    1.106979	    1.093566	    1.107105	
  1.73955e+08	    1.071437	    1.070029	    1.078786	    1.076722	    1.109429	    1.107241	    1.090830	    1.103866	
  1.74035e+08	    1.069564	    1.070028	    1.076946	    1.075952	    1.105607	    1.103239	    1.094399	    1.096080	
  1.74115e+08	    1.069404	    1.072964	    1.076264	    1.076346	    1.104321	    1.102152	    1.093910	    1.101669	
  1.74195e+08	    1.069235	    1.073933	    1.076868	    1.077111	    1.103677	    1.102372	    1.093635	    1.102648	
  1.74275e+08	    1.069954	    1.072917	    1.075596	    1.075775	    1.103413	    1.100495	    1.089497	    1.098042	
  1.74355e+08	    1.068173	    1.074381	    1.074498	    1.074966	    1.102399	    1.097927	    1.090119	    1.096585	
  1.74435e+08	    1.067975	    1.072442	    1.074346	    1.073060	    1.102227	    1.097622	    1.087674	    1.091339	
  1.74515e+08	    1.039211	    1.040048	    1.041051	    1.041298	    1.070636	    1.065916	    1.057381	    1.062886	
  1.74595e+08	    0.922500	    0.922092	    0.922210	    0.923524	    0.950356	    0.948622	    0.938517	    0.944666	
  1.74675e+08	    0.000000	    0.000000	    0.000000	    0.000000	    0.000000	    0.000000	    0.000000	    0.000000	
  1.74755e+08	    0.000000	    0.000000	    0.000000	    0.000000	    0.000000	    0.000000	    0.000000	    0.000000	
  1.74835e+08	    0.899361	    0.896344	    0.900930	    0.902327	    0.928040	    0.927181	    0.915572	    0.915356	
  1.74915e+08	    1.028483	    1.025623	    1.031085	    1.032599	    1.057443	    1.056670	    1.050354	    1.048185	
  1.74995e+08	    1.065806	    1.061817	    1.069738	    1.069902	    1.095622	    1.094543	    1.086723	    1.085887	
  1.75075e+08	    1.065006	    1.063441	    1.069767	    1.070544	    1.095296	    1.095217	    1.087918	    1.087538	
  1.75155e+08	    1.064781	    1.064183	    1.068881	    1.068573	    1.093103	    1.092103	    1.083509	    1.083790	
  1.75235e+08	    1.065309	    1.066253	    1.068806	    1.068724	    1.091882	    1.092083	    1.083942	    1.085522	
  1.75315e+08	    1.062946	    1.067484	    1.066275	    1.065973	    1.089361	    1.089201	    1.080461	    1.082133	
  1.75395e+08	    1.061992	    1.066579	    1.065324	    1.064032	    1.087414	    1.086816	    1.077993	    1.087062	
  1.75475e+08	    1.062274	    1.069537	    1.065431	    1.065070	    1.088519	    1.089221	    1.081976	    1.084908	
  1.75555e+08	    1.060297	    1.068798	    1.064032	    1.063424	    1.086788	    1.087174	    1.081057	    1.076161	
  1.75635e+08	    1.061114	    1.068768	    1.063993	    1.063544	    1.084347	    1.084551	    1.079714	    1.079475	
  1.75715e+08	    1.060423	    1.066929	    1.063407	    1.063112	    1.082599	    1.083680	    1.080607	    1.077013	
  1.75795e+08	    1.028994	    1.035706	    1.032842	    1.031810	    1.049991	    1.051326	    1.049104	    1.049255	
  1.75875e+08	    0.914249	    0.917434	    0.914944	    0.915637	    0.933703	    0.936028	    0.928759	    0.926520	
  1.75955e+08	    0.000000	    0.000000	    0.000000	    0.000000	    0.000000	    0.000000	    0.000000	    0.000000	
  1.76035e+08	    0.000000	    0.000000	    0.000000	    0.000000	    0.000000	    0.000000	    0.000000	    0.000000	
  1.76115e+08	    0.892060	    0.893180	    0.890018	    0.890156	    0.909534	    0.911064	    0.901263	    0.897577	
  1.76195e+08	    1.019359	    1.018966	    1.017306	    1.017690	    1.035037	    1.036282	    1.030891	    1.031132	
  1.76275e+08	    1.056320	    1.056802	    1.054834	    1.054188	    1.071478	    1.072102	    1.067131	    1.062070	
  1.76355e+08	    1.056468	    1.054283	    1.053872	    1.054527	    1.071241	    1.072222	    1.071887	    1.061949	
  1.76435e+08	    1.053422	    1.054228	    1.053235	    1.053963	    1.069777	    1.069807	    1.066165	    1.059244	
  1.76515e+08	    1.053951	    1.056634	    1.053874	    1.054882	    1.070518	    1.069324	    1.069592	    1.064008	
  1.76595e+08	    1.052409	    1.055482	    1.051028	    1.053139	    1.067624	    1.067828	    1.060703	    1.060941	
  1.76675e+08	    1.051392	    1.057404	    1.049981	    1.052747	    1.065087	    1.065321	    1.062927	    1.053946	
  1.76755e+08	    1.052150	    1.059267	    1.050432	    1.052508	    1.067338	    1.066154	    1.061381	    1.053901	
  1.76835e+08	    1.051231	    1.058482	    1.047469	    1.050184	    1.064439	    1.064280	    1.060659	    1.057475	
  1.76915e+08	    1.049897	    1.057924	    1.046220	    1.047963	    1.062764	    1.061855	    1.061213	    1.059267	
  1.76995e+08	    1.047590	    1.056471	    1.045114	    1.046249	    1.062934	    1.060636	    1.059699	    1.059071	
  1.77075e+08	    1.017047	    1.023696	    1.013427	    1.015504	    1.031744	    1.030178	    1.025806	    1.025215	
  1.77155e+08	    0.902456	    0.908142	    0.897722	    0.900193	    0.918868	    0.916147	    0.909446	    0.904974	
  1.77235e+08	    0.000000	    0.000000	    0.000000	    0.000000	    0.000000	    0.000000	    0.000000	    0.000000	
  1.77315e+08	    0.000000	    0.000000	    0.000000	    0.000000	    0.000000	    0.000000	    0.000000	    0.000000	
  1.77395e+08	    0.880378	    0.880762	    0.876691	    0.879549	    0.893607	    0.893143	    0.885099	    0.888348	
  1.77475e+08	    1.005830	    1.005231	    1.003961	    1.005729	    1.018330	    1.017627	    1.016427	    1.016512	
  1.77555e+08	    1.042844	    1.041842	    1.039490	    1.041084	    1.054147	    1.054177	    1.053060	    1.047530	
  1.77635e+08	    1.042557	    1.039899	    1.039432	    1.040887	    1.055372	    1.056280	    1.054862	    1.050229	
  1.77715e+08	    1.041067	    1.040587	    1.037249	    1.038168	    1.053912	    1.054173	    1.056273	    1.050429	
  1.77795e+08	    1.039933	    1.041496	    1.036155	    1.038194	    1.053116	    1.053019	    1.055326	    1.051816	
  1.77875e+08	    1.037012	    1.040526	    1.033561	    1.035894	    1.050689	    1.051311	    1.052870	    1.044412	
  1.77955e+08	    1.035715	    1.042018	    1.032571	    1.035565	    1.049842	    1.048800	    1.052209	    1.039930	
  1.78035e+08	    1.036863	    1.042330	    1.033404	    1.036089	    1.051359	    1.049837	    1.053819	    1.044003	
  1.78115e+08	    1.036011	    1.041549	    1.032465	    1.034810	    1.048262	    1.047443	    1.052112	    1.045796	
  1.78195e+08	    1.034009	    1.042627	    1.031861	    1.034657	    1.048630	    1.047345	    1.046076	    1.046349	
  1.78275e+08	    1.034411	    1.041836	    1.031979	    1.033288	    1.045702	    1.045836	    1.048601	    1.042303	
  1.78355e+08	    1.002826	    1.011401	    1.001245	    1.003345	    1.013134	    1.013051	    1.018603	    1.012947	
  1.78435e+08	    0.892430	    0.896531	    0.887200	    0.889162	    0.902542	    0.902187	    0.903593	    0.897718	
  1.78515e+08	    0.000000	    0.000000	    0.000000	    0.000000	    0.000000	    0.000000	    0.000000	    0.000000	
  1.78595e+08	    0.000000	    0.000000	    0.000000	    0.000000	    0.000000	    0.000000	    0.000000	    0.000000	
  1.78675e+08	    0.868046	    0.867728	    0.864108	    0.865140	    0.883245	    0.881509	    0.880330	    0.872441	
  1.78755e+08	    0.991300	    0.989396	    0.989770	    0.990029	    1.005677	    1.005257	    1.010977	    0.999990	
  1.78835e+08	    1.026629	    1.023758	    1.025501	    1.026226	    1.042504	    1.041963	    1.048105	    1.040846	
  1.78915e+08	    1.026909	    1.023268	    1.026037	    1.026803	    1.041796	    1.042121	    1.045051	    1.040730	
  1.78995e+08	    1.024748	    1.022936	    1.024689	    1.026023	    1.040350	    1.040737	    1.044140	    1.038578	
  1.79075e+08	    1.026185	    1.023940	    1.025208	    1.026242	    1.042492	    1.040527	    1.045468	    1.035731	
  1.79155e+08	    1.024553	    1.023610	    1.022580	    1.024188	    1.040206	    1.038861	    1.040855	    1.030350	
  1.79235e+08	    1.023846	    1.023997	    1.021003	    1.022418	    1.040894	    1.037866	    1.045296	    1.036070	
  1.79315e+08	    1.024709	    1.028104	    1.020922	    1.022973	    1.040868	    1.038258	    1.040857	    1.035381	
  1.79395e+08	    1.022483	    1.026674	    1.018776	    1.020303	    1.038169	    1.037557	    1.040420	    1.034457	
  1.79475e+08	    1.021296	    1.027154	    1.017747	    1.019489	    1.037791	    1.035940	    1.037721	    1.031996	
  1.79555e+08	    1.019128	    1.026160	    1.017395	    1.018666	    1.035950	    1.034888	    1.033326	    1.031288	
  1.79635e+08	    0.988951	    0.996008	    0.987568	    0.989357	    1.006562	    1.005134	    1.006679	    1.005199	
  1.79715e+08	    0.879131	    0.882808	    0.875433	    0.877686	    0.895872	    0.895201	    0.891934	    0.888399	
  1.79795e+08	    0.000000	    0.000000	    0.000000	    0.000000	    0.000000	    0.000000	    0.000000	    0.000000	
  1.79875e+08	    0.000000	    0.000000	    0.000000	    0.000000	    0.000000	    0.000000	    0.000000	    0.000000	
  1.79955e+08	    0.862887	    0.862167	    0.854481	    0.855552	    0.872795	    0.872629	    0.870573	    0.865739	
  1.80035e+08	    0.985629	    0.984148	    0.977869	    0.978439	    0.994863	    0.993645	    0.997370	    0.995795	
  1.80115e+08	    1.020632	    1.018496	    1.012784	    1.013164	    1.030098	    1.029624	    1.033187	    1.032604	
  1.80195e+08	    1.021359	    1.017358	    1.012562	    1.012644	    1.033212	    1.030836	    1.031304	    1.030049	
  1.80275e+08	    1.019303	    1.016316	    1.010832	    1.011798	    1.031542	    1.030374	    1.031849	    1.027407	
  1.80355e+08	    1.020150	    1.018036	    1.011561	    1.012260	    1.031466	    1.031380	    1.032522	    1.028669	
  1.80435e+08	    1.017921	    1.017493	    1.009867	    1.011367	    1.028914	    1.028567	    1.032228	    1.029771	
  1.80515e+08	    1.016872	    1.019114	    1.009667	    1.011921	    1.026885	    1.028238	    1.034925	    1.030093	
  1.80595e+08	    1.018334	    1.021192	    1.010327	    1.012941	    1.027281	    1.028951	    1.035634	    1.029504	
  1.80675e+08	    1.017883	    1.022314	    1.009462	    1.011882	    1.026374	    1.026791	    1.032578	    1.023659	
  1.80755e+08	    1.017554	    1.022998	    1.008239	    1.010825	    1.027291	    1.026956	    1.038561	    1.025619	
  1.80835e+08	    1.016620	    1.022433	    1.007732	    1.010375	    1.025908	    1.026764	    1.035665	    1.028581	
  1.80915e+08	    0.986281	    0.993123	    0.977932	    0.980661	    0.995878	    0.996748	    1.010316	    0.999598	
  1.80995e+08	    0.876316	    0.881745	    0.866854	    0.869483	    0.885827	    0.886956	    0.888640	    0.882257	
  1.81075e+08	    0.000000	    0.000000	    0.000000	    0.000000	    0.000000	    0.000000	    0.000000	    0.000000	
  1.81155e+08	    0.000000	    0.000000	    0.000000	    0.000000	    0.000000	    0.000000	    0.000000	    0.000000	
  1.81235e+08	    0.855039	    0.854916	    0.845881	    0.848303	    0.864930	    0.865229	    0.869424	    0.868308	
  1.81315e+08	    0.978285	    0.977090	    0.970721	    0.971196	    0.985694	    0.986078	    0.995611	    0.993952	
  1.81395e+08	    1.014699	    1.009840	    1.006040	    1.007393	    1.022231	    1.021922	    1.033896	    1.029879	
  1.81475e+08	    1.014073	    1.010574	    1.006027	    1.008261	    1.022288	    1.021407	    1.034779	    1.026022	
  1.81555e+08	    1.015169	    1.010662	    1.005822	    1.007775	    1.020387	    1.019819	    1.035781	    1.024608	
  1.81635e+08	    1.014620	    1.012220	    1.005639	    1.008841	    1.021656	    1.019884	    1.032085	    1.028258	
  1.81715e+08	    1.012644	    1.010332	    1.004228	    1.006627	    1.020000	    1.018053	    1.028805	    1.026381	
  1.81795e+08	    1.011839	    1.010637	    1.003916	    1.006059	    1.018854	    1.017928	    1.031062	    1.023667	
  1.81875e+08	    1.013283	    1.014384	    1.004318	    1.005982	    1.022642	    1.020201	    1.035437	    1.021122	
  1.81955e+08	    1.011397	    1.013612	    1.002723	    1.004457	    1.021469	    1.019019	    1.034718	    1.021472	
  1.82035e+08	    1.011130	    1.014071	    1.002389	    1.004850	    1.020509	    1.017304	    1.031537	    1.023295	
  1.82115e+08	    1.011059	    1.017462	    1.003410	    1.005783	    1.019038	    1.017380	    1.032208	    1.022991	
  1.82195e+08	    0.983394	    0.987078	    0.973800	    0.977359	    0.989444	    0.987633	    1.003082	    0.992290	
  1.82275e+08	    0.872054	    0.877789	    0.863967	    0.867531	    0.880892	    0.878695	    0.886302	    0.875526	
  1.82355e+08	    0.000000	    0.000000	    0.000000	    0.000000	    0.000000	    0.000000	    0.000000	    0.000000	
  1.82435e+08	    0.000000	    0.000000	    0.000000	    0.000000	    0.000000	    0.000000	    0.000000	    0.000000	
  1.82515e+08	    0.855799	    0.857342	    0.845966	    0.849563	    0.860928	    0.858133	    0.861106	    0.855439	
  1.82595e+08	    0.978432	    0.977083	    0.968374	    0.971948	    0.981943	    0.977837	    0.991063	    0.978991	
  1.82675e+08	    1.015405	    1.010806	    1.003742	    1.007380	    1.016580	    1.013929	    1.025407	    1.013862	
  1.82755e+08	    1.014055	    1.012102	    1.004417	    1.008356	    1.018301	    1.014913	    1.025424	    1.017892	
  1.82835e+08	    1.014723	    1.009149	    1.003758	    1.009033	    1.018378	    1.014385	    1.025215	    1.019740	
  1.82915e+08	    1.014780	    1.011923	    1.004713	    1.010318	    1.018676	    1.015122	    1.021668	    1.018757	
  1.82995e+08	    1.012199	    1.011846	    1.003723	    1.009997	    1.016271	    1.012953	    1.019100	    1.017131	
  1.83075e+08	    1.011282	    1.014128	    1.004525	    1.010896	    1.014837	    1.011450	    1.022254	    1.011919	
  1.83155e+08	    1.013015	    1.016198	    1.005077	    1.011347	    1.015252	    1.011729	    1.021061	    1.020567	
  1.83235e+08	    1.013171	    1.017430	    1.003681	    1.009648	    1.014488	    1.009573	    1.017139	    1.018649	
  1.83315e+08	    1.010716	    1.018901	    1.003346	    1.008776	    1.014233	    1.008301	    1.016613	    1.017311	
  1.83395e+08	    1.009682	    1.020101	    1.003855	    1.008372	    1.013727	    1.008748	    1.015336	    1.013588	
  1.83475e+08	    0.981536	    0.991016	    0.974372	    0.979295	    0.984384	    0.979303	    0.987598	    0.983797	
  1.83555e+08	    0.870736	    0.881028	    0.863964	    0.868957	    0.876433	    0.872143	    0.874459	    0.873060	
  1.83635e+08	    0.000000	    0.000000	    0.000000	    0.000000	    0.000000	    0.000000	    0.000000	    0.000000	
  1.83715e+08	    0.000000	    0.000000	    0.000000	    0.000000	    0.000000	    0.000000	    0.000000	    0.000000	
  1.83795e+08	    0.853897	    0.857395	    0.845183	    0.850418	    0.854006	    0.850070	    0.851534	    0.847112	
  1.83875e+08	    0.976471	    0.978182	    0.969316	    0.973071	    0.972584	    0.968827	    0.974732	    0.966995	
  1.83955e+08	    1.012057	    1.011928	    1.004403	    1.008186	    1.009381	    1.005513	    1.010699	    1.003914	
  1.84035e+08	    1.012762	    1.011476	    1.005009	    1.009020	    1.009502	    1.004983	    1.010042	    1.006132	
  1.84115e+08	    1.013579	    1.010732	    1.004454	    1.007421	    1.007286	    1.004160	    1.006999	    1.005342	
  1.84195e+08	    1.013378	    1.011506	    1.004428	    1.008499	    1.007412	    1.003254	    1.008832	    1.002118	
  1.84275e+08	    1.012259	    1.010343	    1.002192	    1.006476	    1.006544	    1.002296	    1.008217	    1.002028	
  1.84355e+08	    1.010496	    1.011408	    1.003412	    1.007263	    1.005993	    1.000978	    1.006467	    1.005762	
  1.84435e+08	    1.012141	    1.014170	    1.003560	    1.008328	    1.005808	    1.001741	    1.006247	    1.008152	
  1.84515e+08	    1.010428	    1.015375	    1.002581	    1.008089	    1.007022	    1.000635	    1.005604	    1.000395	
  1.84595e+08	    1.011056	    1.016334	    1.003092	    1.008050	    1.005308	    0.999872	    1.003521	    0.997339	
  1.84675e+08	    1.009960	    1.020080	    1.003417	    1.008340	    1.004114	    0.998513	    1.003590	    0.998505	
  1.84755e+08	    0.982966	    0.991948	    0.974426	    0.979860	    0.973333	    0.969024	    0.976266	    0.970531	
  1.84835e+08	    0.872988	    0.881714	    0.863938	    0.869243	    0.866259	    0.861429	    0.861184	    0.857757	
  1.84915e+08	    0.000000	    0.000000	    0.000000	    0.000000	    0.000000	    0.000000	    0.000000	    0.000000	
  1.84995e+08	    0.000000	    0.000000	    0.000000	    0.000000	    0.000000	    0.000000	    0.000000	    0.000000	
  1.85075e+08	    0.853504	    0.860508	    0.844199	    0.847341	    0.848066	    0.843428	    0.846062	    0.834195	
  1.85155e+08	    0.975411	    0.980975	    0.966919	    0.969956	    0.966087	    0.961178	    0.969584	    0.958910	
  1.85235e+08	    1.010338	    1.015972	    1.002724	    1.006022	    1.000228	    0.995981	    1.000599	    0.994469	
  1.85315e+08	    1.013208	    1.013361	    1.003890	    1.007111	    0.999231	    0.996563	    1.001416	    0.994584	
  1.85395e+08	    1.013413	    1.011569	    1.003950	    1.006893	    0.998210	    0.994492	    0.995228	    0.987217	
  1.85475e+08	    1.013621	    1.012031	    1.005760	    1.006926	    0.999041	    0.995426	    1.000506	    0.993429	
  1.85555e+08	    1.011786	    1.010025	    1.003764	    1.005741	    0.997727	    0.993757	    0.997146	    0.996596	
  1.85635e+08	    1.010760	    1.010035	    1.004300	    1.005587	    0.993984	    0.994120	    0.997568	    0.996215	
  1.85715e+08	    1.012432	    1.013306	    1.004246	    1.006281	    0.996323	    0.994458	    0.996631	    0.993653	
  1.85795e+08	    1.010034	    1.013026	    1.003274	    1.004269	    0.993157	    0.991974	    0.994647	    0.989065	
  1.85875e+08	    1.009867	    1.014726	    1.002826	    1.003434	    0.991041	    0.991937	    0.995518	    0.990759	
  1.85955e+08	    1.009740	    1.016787	    1.002149	    1.003302	    0.991354	    0.991124	    0.991196	    0.989117	
  1.86035e+08	    0.980326	    0.988492	    0.973421	    0.975299	    0.962999	    0.962687	    0.963737	    0.964987	
  1.86115e+08	    0.870502	    0.880037	    0.864107	    0.866028	    0.857440	    0.855656	    0.853134	    0.850711	
  1.86195e+08	    0.000000	    0.000000	    0.000000	    0.000000	    0.000000	    0.000000	    0.000000	    0.000000	
  1.86275e+08	    0.000000	    0.000000	    0.000000	    0.000000	    0.000000	    0.000000	    0.000000	    0.000000	
  1.86355e+08	    0.850185	    0.854035	    0.845517	    0.845896	    0.834417	    0.836271	    0.829101	    0.828458	
  1.86435e+08	    0.973323	    0.975104	    0.967387	    0.966946	    0.951091	    0.952793	    0.949919	    0.948146	
  1.86515e+08	    1.009894	    1.008487	    1.002981	    1.001326	    0.987089	    0.988102	    0.983360	    0.985429	
  1.86595e+08	    1.011044	    1.006992	    1.003263	    1.001850	    0.987013	    0.987327	    0.987533	    0.984187	
  1.86675e+08	    1.008155	    1.003333	    1.002380	    1.000090	    0.984890	    0.987839	    0.984451	    0.986276	
  1.86755e+08	    1.010009	    1.002592	    1.002639	    1.000081	    0.986567	    0.987512	    0.986032	    0.990345	
  1.86835e+08	    1.007542	    1.000541	    1.001236	    0.998585	    0.983007	    0.986537	    0.980234	    0.987905	
  1.86915e+08	    1.008681	    1.000744	    1.000317	    0.998606	    0.980983	    0.983419	    0.976908	    0.983660	
  1.86995e+08	    1.007152	    1.002147	    1.002297	    1.000534	    0.983430	    0.984532	    0.980867	    0.983803	
  1.87075e+08	    1.004975	    1.003107	    1.001109	    0.999316	    0.981282	    0.982051	    0.981121	    0.981377	
  1.87155e+08	    1.006068	    1.003330	    1.000985	    0.998444	    0.980383	    0.981359	    0.978867	    0.985475	
  1.87235e+08	    1.006538	    1.005239	    0.999956	    0.998223	    0.979405	    0.980079	    0.973367	    0.980503	
  1.87315e+08	    0.977068	    0.978519	    0.971384	    0.968936	    0.949971	    0.950535	    0.942294	    0.948880	
  1.87395e+08	    0.867435	    0.870126	    0.861917	    0.859492	    0.844803	    0.845555	    0.836888	    0.837774	
  1.87475e+08	    0.000000	    0.000000	    0.000000	    0.000000	    0.000000	    0.000000	    0.000000	    0.000000	
  1.87555e+08	    0.000000	    0.000000	    0.000000	    0.000000	    0.000000	    0.000000	    0.000000	    0.000000	
  1.87635e+08	    0.845795	    0.849784	    0.839562	    0.836237	    0.818842	    0.817233	    0.799735	    0.805559	
  1.87715e+08	    0.969500	    0.969539	    0.959952	    0.957267	    0.932906	    0.934791	    0.915264	    0.921775	
  1.87795e+08	    1.003863	    1.001759	    0.994706	    0.992249	    0.967206	    0.967827	    0.957000	    0.960357	
  1.87875e+08	    1.005826	    1.001239	    0.995133	    0.993015	    0.967406	    0.969637	    0.960557	    0.966076	
  1.87955e+08	    1.004226	    0.998109	    0.993786	    0.991378	    0.967662	    0.969184	    0.963685	    0.971260	
  1.88035e+08	    1.003625	    0.996776	    0.993687	    0.991810	    0.969083	    0.971210	    0.964497	    0.970063	
  1.88115e+08	    1.002167	    0.994473	    0.991366	    0.988974	    0.968788	    0.969955	    0.963938	    0.967607	
  1.88195e+08	    0.998516	    0.993254	    0.989286	    0.987732	    0.968383	    0.968472	    0.964358	    0.963573	
  1.88275e+08	    0.999572	    0.993968	    0.990997	    0.987700	    0.967302	    0.969044	    0.963076	    0.969398	
  1.88355e+08	    0.996683	    0.993866	    0.988816	    0.986455	    0.963354	    0.965050	    0.959839	    0.966393	
  1.88435e+08	    0.996185	    0.994221	    0.988445	    0.985755	    0.958763	    0.963210	    0.952968	    0.958753	
  1.88515e+08	    0.994596	    0.995435	    0.988166	    0.986328	    0.956703	    0.960311	    0.948258	    0.952121	
  1.88595e+08	    0.966342	    0.968564	    0.959200	    0.957955	    0.927700	    0.931074	    0.917930	    0.916431	
  1.88675e+08	    0.857854	    0.860319	    0.850951	    0.850745	    0.825951	    0.828101	    0.810733	    0.816458	
  1.88755e+08	    0.000000	    0.000000	    0.000000	    0.000000	    0.000000	    0.000000	    0.000000	    0.000000	
  1.88835e+08	    0.000000	    0.000000	    0.000000	    0.000000	    0.000000	    0.000000	    0.000000	    0.000000	
  1.88915e+08	    0.837870	    0.840230	    0.830124	    0.827986	    0.805248	    0.808074	    0.787198	    0.794830	
  1.88995e+08	    0.958742	    0.959029	    0.949194	    0.946144	    0.917815	    0.920411	    0.906450	    0.915390	
  1.89075e+08	    0.992472	    0.990287	    0.983114	    0.979687	    0.950504	    0.953842	    0.947417	    0.953631	
  1.89155e+08	    0.991342	    0.988623	    0.984133	    0.979535	    0.952523	    0.954580	    0.953143	    0.960600	
  1.89235e+08	    0.989822	    0.985842	    0.983191	    0.979272	    0.955462	    0.956186	    0.952129	    0.960737	
  1.89315e+08	    0.990426	    0.983513	    0.983007	    0.979703	    0.956491	    0.959471	    0.953824	    0.965462	
  1.89395e+08	    0.987180	    0.980895	    0.980500	    0.978529	    0.955474	    0.957053	    0.954258	    0.963406	
  1.89475e+08	    0.986115	    0.979260	    0.980089	    0.977837	    0.953092	    0.955395	    0.952067	    0.965103	
  1.89555e+08	    0.987752	    0.980237	    0.980688	    0.977968	    0.952976	    0.955074	    0.948701	    0.963417	
  1.89635e+08	    0.986186	    0.980690	    0.978946	    0.976105	    0.949457	    0.951956	    0.942416	    0.956300	
  1.89715e+08	    0.985348	    0.981899	    0.977659	    0.975587	    0.947604	    0.949699	    0.937031	    0.948239	
  1.89795e+08	    0.982013	    0.981961	    0.976484	    0.973789	    0.946648	    0.948199	    0.935996	    0.945191	
  1.89875e+08	    0.953101	    0.955442	    0.947522	    0.944948	    0.917589	    0.920398	    0.903952	    0.916436	
  1.89955e+08	    0.845939	    0.849146	    0.840673	    0.838267	    0.814771	    0.817078	    0.796340	    0.808330	
  1.90035e+08	    0.000000	    0.000000	    0.000000	    0.000000	    0.000000	    0.000000	    0.000000	    0.000000	
  1.90115e+08	    0.000000	    0.000000	    0.000000	    0.000000	    0.000000	    0.000000	    0.000000	    0.000000	
  1.90195e+08	    0.826402	    0.830054	    0.821598	    0.820893	    0.795045	    0.797160	    0.774090	    0.783796	
  1.90275e+08	    0.944741	    0.945954	    0.940298	    0.938864	    0.907701	    0.908747	    0.894230	    0.899565	
  1.90355e+08	    0.979075	    0.978824	    0.974510	    0.972364	    0.940844	    0.942555	    0.931682	    0.937363	
  1.90435e+08	    0.979795	    0.977368	    0.974973	    0.972577	    0.942473	    0.944410	    0.931479	    0.934091	
  1.90515e+08	    0.978475	    0.973262	    0.973122	    0.970818	    0.942384	    0.944714	    0.938085	    0.936023	
  1.90595e+08	    0.978058	    0.971813	    0.973311	    0.970702	    0.944259	    0.946013	    0.943006	    0.939854	
  1.90675e+08	    0.974658	    0.968550	    0.971368	    0.967892	    0.942673	    0.945290	    0.943038	    0.941923	
  1.90755e+08	    0.973878	    0.967552	    0.969944	    0.967265	    0.943109	    0.944670	    0.938693	    0.939608	
  1.90835e+08	    0.973558	    0.966923	    0.969642	    0.967712	    0.942647	    0.944946	    0.937417	    0.936319	
  1.90915e+08	    0.972031	    0.966381	    0.968032	    0.966573	    0.940347	    0.941645	    0.935435	    0.931490	
  1.90995e+08	    0.970803	    0.968061	    0.966953	    0.966383	    0.936885	    0.940234	    0.932954	    0.929539	
  1.91075e+08	    0.969480	    0.968684	    0.966844	    0.965940	    0.933529	    0.937323	    0.924685	    0.923507	
  1.91155e+08	    0.941662	    0.942267	    0.937897	    0.938404	    0.905959	    0.909260	    0.895836	    0.894521	
  1.91235e+08	    0.835415	    0.837460	    0.832649	    0.832234	    0.806434	    0.808035	    0.789448	    0.785888	
  1.91315e+08	    0.000000	    0.000000	    0.000000	    0.000000	    0.000000	    0.000000	    0.000000	    0.000000	
  1.91395e+08	    0.000000	    0.000000	    0.000000	    0.000000	    0.000000	    0.000000	    0.000000	    0.000000	
  1.91475e+08	    0.812919	    0.817474	    0.810832	    0.809322	    0.786029	    0.789371	    0.774989	    0.772261	
  1.91555e+08	    0.930361	    0.932479	    0.928110	    0.925336	    0.895317	    0.900610	    0.888009	    0.888586	
  1.91635e+08	    0.963682	    0.963308	    0.961245	    0.958446	    0.928923	    0.933649	    0.926412	    0.925301	
  1.91715e+08	    0.962978	    0.962892	    0.961883	    0.958692	    0.930202	    0.934747	    0.934652	    0.929394	
  1.91795e+08	    0.962338	    0.959543	    0.960843	    0.958239	    0.930669	    0.935567	    0.940544	    0.936515	
  1.91875e+08	    0.962509	    0.958309	    0.961407	    0.959476	    0.933466	    0.938764	    0.942266	    0.943063	
  1.91955e+08	    0.961192	    0.954917	    0.960246	    0.958201	    0.933263	    0.936755	    0.940016	    0.939455	
  1.92035e+08	    0.959229	    0.954123	    0.959583	    0.956832	    0.930885	    0.936121	    0.933635	    0.934097	
  1.92115e+08	    0.959601	    0.954364	    0.959386	    0.957410	    0.931299	    0.935937	    0.942337	    0.937786	
  1.92195e+08	    0.958996	    0.953640	    0.957810	    0.955828	    0.927750	    0.932914	    0.938098	    0.935043	
  1.92275e+08	    0.956652	    0.954476	    0.955782	    0.954316	    0.926757	    0.929932	    0.933080	    0.930996	
  1.92355e+08	    0.955591	    0.955680	    0.955468	    0.954282	    0.925393	    0.928335	    0.922913	    0.925893	
  1.92435e+08	    0.926429	    0.929976	    0.927195	    0.926555	    0.899801	    0.900261	    0.893246	    0.889492	
  1.92515e+08	    0.822899	    0.828484	    0.822249	    0.822668	    0.799222	    0.800152	    0.790299	    0.784092	
  1.92595e+08	    0.000000	    0.000000	    0.000000	    0.000000	    0.000000	    0.000000	    0.000000	    0.000000	
  1.92675e+08	    0.000000	    0.000000	    0.000000	    0.000000	    0.000000	    0.000000	    0.000000	    0.000000	
  1.92755e+08	    0.802887	    0.810087	    0.803929	    0.803266	    0.779360	    0.781232	    0.770952	    0.769062	
  1.92835e+08	    0.918856	    0.926408	    0.921197	    0.919402	    0.891407	    0.890550	    0.890238	    0.881544	
  1.92915e+08	    0.951962	    0.958636	    0.954636	    0.952781	    0.925281	    0.925585	    0.927400	    0.920739	
  1.92995e+08	    0.952855	    0.958131	    0.954659	    0.952568	    0.927200	    0.927369	    0.934005	    0.925967	
  1.93075e+08	    0.951652	    0.955161	    0.953981	    0.951458	    0.926077	    0.928870	    0.933870	    0.929436	
  1.93155e+08	    0.950674	    0.953275	    0.953905	    0.951704	    0.928458	    0.931450	    0.936753	    0.932530	
  1.93235e+08	    0.948162	    0.950772	    0.952133	    0.950392	    0.927784	    0.929994	    0.941345	    0.931065	
  1.93315e+08	    0.946545	    0.948670	    0.951918	    0.949675	    0.926974	    0.928871	    0.939149	    0.931586	
  1.93395e+08	    0.947952	    0.949697	    0.952542	    0.950796	    0.927847	    0.930170	    0.943659	    0.935197	
  1.93475e+08	    0.947341	    0.947565	    0.952167	    0.950470	    0.925183	    0.928277	    0.936542	    0.930894	
  1.93555e+08	    0.946809	    0.948901	    0.951846	    0.950215	    0.922028	    0.926620	    0.932777	    0.923217	
  1.93635e+08	    0.946379	    0.948938	    0.951996	    0.950089	    0.919808	    0.924601	    0.925255	    0.920251	
  1.93715e+08	    0.918062	    0.923326	    0.924558	    0.922775	    0.892414	    0.894816	    0.896677	    0.888742	
  1.93795e+08	    0.815597	    0.821721	    0.820044	    0.818426	    0.793366	    0.796764	    0.793667	    0.789663	
  1.93875e+08	    0.000000	    0.000000	    0.000000	    0.000000	    0.000000	    0.000000	    0.000000	    0.000000	
  1.93955e+08	    0.000000	    0.000000	    0.000000	    0.000000	    0.000000	    0.000000	    0.000000	    0.000000	
  1.94035e+08	    0.795657	    0.805479	    0.801160	    0.798816	    0.773233	    0.775655	    0.771021	    0.763668	
  1.94115e+08	    0.909023	    0.919642	    0.917060	    0.914948	    0.883407	    0.885844	    0.890284	    0.880707	
  1.94195e+08	    0.943782	    0.951888	    0.950846	    0.948526	    0.916331	    0.919214	    0.925454	    0.917927	
  1.94275e+08	    0.946343	    0.951534	    0.951849	    0.949226	    0.917501	    0.920434	    0.930591	    0.925482	
  1.94355e+08	    0.945633	    0.949479	    0.951452	    0.949001	    0.919943	    0.921065	    0.931524	    0.923772	
  1.94435e+08	    0.946506	    0.948045	    0.952445	    0.949193	    0.921898	    0.924033	    0.937169	    0.925143	
  1.94515e+08	    0.944138	    0.944631	    0.950518	    0.947197	    0.921498	    0.923347	    0.936204	    0.928763	
  1.94595e+08	    0.944606	    0.942090	    0.949950	    0.946254	    0.922228	    0.923459	    0.940069	    0.929313	
  1.94675e+08	    0.943882	    0.941642	    0.950286	    0.947238	    0.920526	    0.923909	    0.932818	    0.928065	
  1.94755e+08	    0.942299	    0.942410	    0.948894	    0.945746	    0.918374	    0.920404	    0.926797	    0.921914	
  1.94835e+08	    0.940835	    0.942219	    0.948108	    0.946057	    0.915479	    0.917096	    0.926362	    0.915493	
  1.94915e+08	    0.939311	    0.943164	    0.948687	    0.946436	    0.913880	    0.916342	    0.919564	    0.909987	
  1.94995e+08	    0.912661	    0.917437	    0.921223	    0.919551	    0.886153	    0.888721	    0.889384	    0.886690	
  1.95075e+08	    0.810508	    0.817219	    0.817549	    0.816203	    0.789427	    0.790563	    0.782602	    0.783253	
  1.95155e+08	    0.000000	    0.000000	    0.000000	    0.000000	    0.000000	    0.000000	    0.000000	    0.000000	
  1.95235e+08	    0.000000	    0.000000	    0.000000	    0.000000	    0.000000	    0.000000	    0.000000	    0.000000	
  1.95315e+08	    0.794033	    0.803354	    0.800042	    0.797784	    0.771408	    0.773680	    0.762657	    0.764085	
  1.95395e+08	    0.908329	    0.918788	    0.916525	    0.912892	    0.880059	    0.883159	    0.879535	    0.882945	
  1.95475e+08	    0.940981	    0.951493	    0.949820	    0.945656	    0.913967	    0.915941	    0.913629	    0.918880	
  1.95555e+08	    0.942104	    0.950847	    0.950504	    0.945726	    0.916825	    0.919437	    0.916890	    0.923512	
  1.95635e+08	    0.940786	    0.947215	    0.949938	    0.945385	    0.918577	    0.921143	    0.922180	    0.922439	
  1.95715e+08	    0.941241	    0.945909	    0.951039	    0.946259	    0.919299	    0.922611	    0.926757	    0.929865	
  1.95795e+08	    0.941078	    0.944165	    0.949671	    0.945221	    0.918135	    0.921839	    0.926197	    0.931581	
  1.95875e+08	    0.940806	    0.942320	    0.950088	    0.945643	    0.917284	    0.920042	    0.924200	    0.927988	
  1.95955e+08	    0.941719	    0.941864	    0.950780	    0.946158	    0.917999	    0.921901	    0.917893	    0.922128	
  1.96035e+08	    0.942182	    0.939953	    0.949771	    0.945633	    0.917073	    0.917866	    0.916331	    0.917017	
  1.96115e+08	    0.941670	    0.940276	    0.949748	    0.944913	    0.914814	    0.917211	    0.916850	    0.914775	
  1.96195e+08	    0.941276	    0.941141	    0.949035	    0.944325	    0.911227	    0.914932	    0.911822	    0.912183	
  1.96275e+08	    0.913517	    0.915364	    0.921458	    0.917065	    0.883888	    0.887015	    0.878431	    0.879547	
  1.96355e+08	    0.810542	    0.814838	    0.816993	    0.813222	    0.785757	    0.788917	    0.775460	    0.773629	
  1.96435e+08	    0.000000	    0.000000	    0.000000	    0.000000	    0.000000	    0.000000	    0.000000	    0.000000	
  1.96515e+08	    0.000000	    0.000000	    0.000000	    0.000000	    0.000000	    0.000000	    0.000000	    0.000000	
  1.96595e+08	    0.791369	    0.801436	    0.799323	    0.796538	    0.767989	    0.769539	    0.757206	    0.753805	
  1.96675e+08	    0.904386	    0.916220	    0.915300	    0.912461	    0.875043	    0.878776	    0.865443	    0.866805	
  1.96755e+08	    0.938835	    0.949648	    0.949797	    0.946384	    0.908243	    0.911862	    0.902413	    0.902122	
  1.96835e+08	    0.939448	    0.949370	    0.951049	    0.946959	    0.908554	    0.914004	    0.906210	    0.901937	
  1.96915e+08	    0.940342	    0.946784	    0.950766	    0.946966	    0.910505	    0.912979	    0.912408	    0.906065	
  1.96995e+08	    0.939538	    0.946337	    0.951237	    0.946279	    0.912025	    0.914937	    0.911996	    0.916382	
  1.97075e+08	    0.938786	    0.941823	    0.949831	    0.944715	    0.910809	    0.913576	    0.910594	    0.912919	
  1.97155e+08	    0.938249	    0.938401	    0.948661	    0.944134	    0.911026	    0.914731	    0.910375	    0.909679	
  1.97235e+08	    0.938461	    0.939726	    0.949588	    0.945603	    0.910922	    0.914194	    0.911313	    0.909163	
  1.97315e+08	    0.936527	    0.937732	    0.948652	    0.944958	    0.907225	    0.910051	    0.909042	    0.909964	
  1.97395e+08	    0.937244	    0.938142	    0.947969	    0.944739	    0.903796	    0.907387	    0.899826	    0.904668	
  1.97475e+08	    0.936648	    0.938646	    0.948181	    0.945705	    0.901469	    0.905284	    0.893425	    0.899987	
  1.97555e+08	    0.910450	    0.911526	    0.921430	    0.918782	    0.873826	    0.876828	    0.866876	    0.868542	
  1.97635e+08	    0.809254	    0.811961	    0.817708	    0.815872	    0.778111	    0.779930	    0.766305	    0.766370	
  1.97715e+08	    0.000000	    0.000000	    0.000000	    0.000000	    0.000000	    0.000000	    0.000000	    0.000000	
