   1.6715501e+08	       0.0000000	       0.0000000	       0.0000000	       0.0000000	       0.0000000	       0.0000000	       0.0000000	       0.0000000	
   1.6723501e+08	       1.0602691	       1.0535501	       1.0970104	       1.0972033	       1.1325410	       1.1289212	       1.1159483	       1.1180531	
   1.6731501e+08	       1.0785356	       1.0759082	       1.1151682	       1.1167111	       1.1476173	       1.1463828	       1.1312731	       1.1362504	
   1.6739501e+08	       1.0803388	       1.0754618	       1.1120504	       1.1144828	       1.1488733	       1.1469313	       1.1348302	       1.1354510	
   1.6747501e+08	       1.0823504	       1.0761239	       1.1095618	       1.1145560	       1.1474741	       1.1446835	       1.1347558	       1.1295317	
   1.6755501e+08	       1.0820277	       1.0751557	       1.1064476	       1.1098501	       1.1445451	       1.1452118	       1.1304411	       1.1348767	
   1.6763501e+08	       1.0819902	       1.0765621	       1.1049881	       1.1132349	       1.1425977	       1.1450791	       1.1332251	       1.1334092	
   1.6771501e+08	       1.0802964	       1.0745351	       1.1047553	       1.1113589	       1.1447127	       1.1429469	       1.1330445	       1.1372264	
   1.6779501e+08	       1.0786779	       1.0784276	       1.1074225	       1.1111421	       1.1421870	       1.1391328	       1.1399863	       1.1408218	
   1.6787501e+08	       1.0757564	       1.0756163	       1.1059579	       1.1098252	       1.1403619	       1.1397835	       1.1362752	       1.1351339	
   1.6795501e+08	       1.0776018	       1.0774454	       1.1108609	       1.1104695	       1.1361474	       1.1384660	       1.1334359	       1.1351660	
   1.6803501e+08	       1.0770262	       1.0752216	       1.1111094	       1.1128619	       1.1344671	       1.1393148	       1.1298978	       1.1329205	
   1.6811501e+08	       1.0778444	       1.0752397	       1.1070192	       1.1087251	       1.1339885	       1.1386028	       1.1300429	       1.1272703	
   1.6819501e+08	       1.0787852	       1.0762430	       1.1063960	       1.1068463	       1.1343302	       1.1333823	       1.1297548	       1.1298747	
   1.6827501e+08	       1.0663221	       1.0610645	       1.0882939	       1.0892516	       1.1212477	       1.1186693	       1.1099382	       1.1088149	
   1.6835501e+08	       0.0000000	       0.0000000	       0.0000000	       0.0000000	       0.0000000	       0.0000000	       0.0000000	       0.0000000	
   1.6843501e+08	       0.0000000	       0.0000000	       0.0000000	       0.0000000	       0.0000000	       0.0000000	       0.0000000	       0.0000000	
   1.6851501e+08	       1.0585357	       1.0546767	       1.0840283	       1.0837030	       1.1166349	       1.1167799	       1.1083250	       1.1074413	
   1.6859501e+08	       1.0782498	       1.0742223	       1.1054721	       1.1054583	       1.1344100	       1.1317086	       1.1252378	       1.1268461	
   1.6867501e+08	       1.0809328	       1.0701774	       1.1036745	       1.1069378	       1.1372316	       1.1368444	       1.1219430	       1.1223823	
   1.6875501e+08	       1.0790754	       1.0704639	       1.1074175	       1.1072635	       1.1386921	       1.1375805	       1.1255678	       1.1271437	
   1.6883501e+08	       1.0804149	       1.0746845	       1.1081405	       1.1070570	       1.1361113	       1.1339879	       1.1299406	       1.1224086	
   1.6891501e+08	       1.0789771	       1.0738444	       1.1063917	       1.1060180	       1.1381622	       1.1359461	       1.1251891	       1.1224951	
   1.6899501e+08	       1.0745219	       1.0760547	       1.1054060	       1.1047431	       1.1364572	       1.1327297	       1.1244855	       1.1197106	
   1.6907501e+08	       1.0768002	       1.0768146	       1.1054164	       1.1073324	       1.1366547	       1.1349270	       1.1269124	       1.1234901	
   1.6915501e+08	       1.0769763	       1.0737854	       1.0982957	       1.1039441	       1.1343423	       1.1333963	       1.1179415	       1.1280272	
   1.6923501e+08	       1.0777731	       1.0756957	       1.0983485	       1.1024432	       1.1335910	       1.1316345	       1.1228649	       1.1192828	
   1.6931501e+08	       1.0802326	       1.0738537	       1.0965131	       1.1026694	       1.1316677	       1.1330319	       1.1156497	       1.1197788	
   1.6939501e+08	       1.0757343	       1.0720541	       1.0965024	       1.1022489	       1.1366832	       1.1304310	       1.1178361	       1.1202218	
   1.6947501e+08	       1.0741819	       1.0698153	       1.0983599	       1.1013338	       1.1291973	       1.1271996	       1.1140869	       1.1230065	
   1.6955501e+08	       1.0571415	       1.0568671	       1.0871161	       1.0871466	       1.1131166	       1.1117892	       1.1007124	       1.1082930	
   1.6963501e+08	       0.0000000	       0.0000000	       0.0000000	       0.0000000	       0.0000000	       0.0000000	       0.0000000	       0.0000000	
   1.6971501e+08	       0.0000000	       0.0000000	       0.0000000	       0.0000000	       0.0000000	       0.0000000	       0.0000000	       0.0000000	
   1.6979501e+08	       1.0596402	       1.0537578	       1.0843457	       1.0868041	       1.1114877	       1.1071803	       1.0968407	       1.1007865	
   1.6987501e+08	       1.0793977	       1.0712663	       1.1009735	       1.1036628	       1.1256248	       1.1244322	       1.1210305	       1.1250142	
   1.6995501e+08	       1.0786710	       1.0718492	       1.0983572	       1.1035488	       1.1254814	       1.1242983	       1.1139836	       1.1268549	
   1.7003501e+08	       1.0769261	       1.0725642	       1.0953514	       1.1040458	       1.1242288	       1.1277400	       1.1196473	       1.1208463	
   1.7011501e+08	       1.0762428	       1.0708977	       1.0958734	       1.1032675	       1.1245238	       1.1272546	       1.1148038	       1.1134510	
   1.7019501e+08	       1.0769418	       1.0744245	       1.0983694	       1.1021233	       1.1240926	       1.1263621	       1.1109862	       1.1136807	
   1.7027501e+08	       1.0720843	       1.0682994	       1.1016348	       1.1054968	       1.1240818	       1.1243608	       1.1118713	       1.1123724	
   1.7035501e+08	       1.0720096	       1.0726415	       1.1077763	       1.1032902	       1.1232393	       1.1243693	       1.1128978	       1.1150769	
   1.7043501e+08	       1.0730814	       1.0703625	       1.1020869	       1.1072247	       1.1208545	       1.1238488	       1.1163434	       1.1105422	
   1.7051501e+08	       1.0756783	       1.0698175	       1.1055842	       1.1039095	       1.1218487	       1.1205146	       1.1065251	       1.1157771	
   1.7059501e+08	       1.0760449	       1.0741116	       1.1007723	       1.1022158	       1.1227444	       1.1225087	       1.1084788	       1.1065728	
   1.7067501e+08	       1.0736671	       1.0714823	       1.0996070	       1.1023310	       1.1196487	       1.1219746	       1.1085769	       1.1130427	
   1.7075501e+08	       1.0777756	       1.0690904	       1.0952452	       1.0996723	       1.1216321	       1.1206917	       1.1111363	       1.1127873	
   1.7083501e+08	       1.0634551	       1.0555532	       1.0773681	       1.0845073	       1.1059651	       1.1061943	       1.0926886	       1.0976411	
   1.7091501e+08	       0.0000000	       0.0000000	       0.0000000	       0.0000000	       0.0000000	       0.0000000	       0.0000000	       0.0000000	
   1.7099501e+08	       0.0000000	       0.0000000	       0.0000000	       0.0000000	       0.0000000	       0.0000000	       0.0000000	       0.0000000	
   1.7107501e+08	       1.0581700	       1.0497748	       1.0761516	       1.0797923	       1.1012942	       1.1030628	       1.0950309	       1.0883602	
   1.7115501e+08	       1.0761432	       1.0699743	       1.0966700	       1.1008892	       1.1191998	       1.1213459	       1.1197770	       1.1104411	
   1.7123501e+08	       1.0786053	       1.0676998	       1.0976126	       1.1013820	       1.1249475	       1.1211339	       1.1139204	       1.1129734	
   1.7131501e+08	       1.0775503	       1.0725390	       1.0982847	       1.0951016	       1.1216909	       1.1217479	       1.1156628	       1.1114300	
   1.7139501e+08	       1.0773305	       1.0684501	       1.0980040	       1.0986939	       1.1218591	       1.1220646	       1.1175192	       1.1115094	
   1.7147501e+08	       1.0769463	       1.0704749	       1.0950137	       1.0969879	       1.1205437	       1.1198442	       1.1200689	       1.1122722	
   1.7155501e+08	       1.0758391	       1.0714318	       1.0937850	       1.0955902	       1.1212521	       1.1226551	       1.1205174	       1.1104263	
   1.7163501e+08	       1.0762659	       1.0752665	       1.0890288	       1.0960862	       1.1191940	       1.1233907	       1.1227773	       1.1133381	
   1.7171501e+08	       1.0758258	       1.0739681	       1.0893966	       1.0933310	       1.1191736	       1.1183107	       1.1173182	       1.1057087	
   1.7179501e+08	       1.0767449	       1.0754558	       1.0876439	       1.0947259	       1.1157924	       1.1192007	       1.1189731	       1.1084313	
   1.7187501e+08	       1.0790878	       1.0741657	       1.0935562	       1.0963685	       1.1159961	       1.1174415	       1.1187593	       1.1107398	
   1.7195501e+08	       1.0786511	       1.0734314	       1.0949939	       1.0972465	       1.1153797	       1.1138291	       1.1232187	       1.1148423	
   1.7203501e+08	       1.0769599	       1.0732567	       1.0922211	       1.0941749	       1.1134856	       1.1117754	       1.1190694	       1.1158484	
   1.7211501e+08	       1.0585962	       1.0569932	       1.0766513	       1.0806354	       1.0978238	       1.0963016	       1.1072585	       1.1014889	
   1.7219501e+08	       0.0000000	       0.0000000	       0.0000000	       0.0000000	       0.0000000	       0.0000000	       0.0000000	       0.0000000	
   1.7227501e+08	       0.0000000	       0.0000000	       0.0000000	       0.0000000	       0.0000000	       0.0000000	       0.0000000	       0.0000000	
   1.7235501e+08	       1.0533087	       1.0542863	       1.0716061	       1.0756514	       1.0923507	       1.0935425	       1.0974168	       1.0883949	
   1.7243501e+08	       1.0780066	       1.0691381	       1.0882806	       1.0966870	       1.1090022	       1.1132760	       1.1123555	       1.1108459	
   1.7251501e+08	       1.0775234	       1.0716155	       1.0918599	       1.0955233	       1.1075028	       1.1093415	       1.1072278	       1.1092765	
   1.7259501e+08	       1.0787086	       1.0713916	       1.0907101	       1.0994074	       1.1104058	       1.1095530	       1.1082272	       1.1027732	
   1.7267501e+08	       1.0741894	       1.0704547	       1.0915187	       1.0963071	       1.1091284	       1.1067108	       1.1082366	       1.1068359	
   1.7275501e+08	       1.0771675	       1.0710313	       1.0951865	       1.0962039	       1.1085854	       1.1099214	       1.1100976	       1.1012218	
   1.7283501e+08	       1.0715654	       1.0698919	       1.0939945	       1.0972131	       1.1100500	       1.1080351	       1.1119956	       1.1020887	
   1.7291501e+08	       1.0718083	       1.0712382	       1.0955067	       1.0958667	       1.1108139	       1.1080278	       1.1112735	       1.1051277	
   1.7299501e+08	       1.0741643	       1.0705133	       1.0956080	       1.0912706	       1.1065358	       1.1087666	       1.1078954	       1.1009007	
   1.7307501e+08	       1.0738201	       1.0733384	       1.0882231	       1.0918276	       1.1082984	       1.1091155	       1.1107290	       1.1014691	
   1.7315501e+08	       1.0708951	       1.0719493	       1.0868894	       1.0893951	       1.1068538	       1.1086061	       1.1124688	       1.1009321	
   1.7323501e+08	       1.0719929	       1.0706296	       1.0851568	       1.0889657	       1.1072581	       1.1062576	       1.1057289	       1.1024488	
   1.7331501e+08	       1.0726781	       1.0734878	       1.0820877	       1.0871100	       1.1032979	       1.1071909	       1.1071700	       1.0976234	
   1.7339501e+08	       1.0627739	       1.0562956	       1.0695242	       1.0736442	       1.0879333	       1.0912397	       1.0878280	       1.0844005	
   1.7347501e+08	       0.0000000	       0.0000000	       0.0000000	       0.0000000	       0.0000000	       0.0000000	       0.0000000	       0.0000000	
   1.7355501e+08	       0.0000000	       0.0000000	       0.0000000	       0.0000000	       0.0000000	       0.0000000	       0.0000000	       0.0000000	
   1.7363501e+08	       1.0521711	       1.0487608	       1.0714596	       1.0730416	       1.0848667	       1.0879181	       1.0874402	       1.0827465	
   1.7371501e+08	       1.0740179	       1.0701576	       1.0900701	       1.0914495	       1.1029732	       1.1054830	       1.1068917	       1.0987940	
   1.7379501e+08	       1.0792075	       1.0710615	       1.0882725	       1.0891336	       1.1034855	       1.1036988	       1.1049078	       1.1006288	
   1.7387501e+08	       1.0770719	       1.0676072	       1.0879094	       1.0899644	       1.1013441	       1.1048118	       1.1062694	       1.1012800	
   1.7395501e+08	       1.0699135	       1.0691251	       1.0831824	       1.0865394	       1.1043115	       1.1035878	       1.1060312	       1.1013947	
   1.7403501e+08	       1.0696693	       1.0691472	       1.0817572	       1.0861146	       1.1022815	       1.1044056	       1.1051875	       1.0957206	
   1.7411501e+08	       1.0695945	       1.0701847	       1.0799555	       1.0843770	       1.1029595	       1.1015139	       1.1055006	       1.0965041	
   1.7419501e+08	       1.0714188	       1.0691596	       1.0834061	       1.0894306	       1.1034024	       1.0999724	       1.1046574	       1.0957347	
   1.7427501e+08	       1.0695621	       1.0697605	       1.0831473	       1.0836397	       1.1027199	       1.0989107	       1.1016058	       1.0947026	
   1.7435501e+08	       1.0684123	       1.0701548	       1.0841469	       1.0848076	       1.1000177	       1.0983374	       1.1006042	       1.0972759	
   1.7443501e+08	       1.0704022	       1.0715186	       1.0851324	       1.0851617	       1.0999933	       1.0980080	       1.1035390	       1.0917640	
   1.7451501e+08	       1.0706454	       1.0726302	       1.0823506	       1.0863202	       1.0956231	       1.0952472	       1.1035839	       1.0887076	
   1.7459501e+08	       1.0686438	       1.0750584	       1.0811163	       1.0826903	       1.0988819	       1.0974229	       1.1056321	       1.0940562	
   1.7467501e+08	       1.0567787	       1.0572181	       1.0624269	       1.0646562	       1.0799377	       1.0806712	       1.0904472	       1.0767904	
   1.7475501e+08	       0.0000000	       0.0000000	       0.0000000	       0.0000000	       0.0000000	       0.0000000	       0.0000000	       0.0000000	
   1.7483501e+08	       0.0000000	       0.0000000	       0.0000000	       0.0000000	       0.0000000	       0.0000000	       0.0000000	       0.0000000	
   1.7491501e+08	       1.0477922	       1.0503434	       1.0568099	       1.0628666	       1.0739656	       1.0746999	       1.0812654	       1.0730628	
   1.7499501e+08	       1.0689849	       1.0687008	       1.0779855	       1.0785094	       1.0927845	       1.0930722	       1.1037498	       1.0948446	
   1.7507501e+08	       1.0664157	       1.0720803	       1.0792122	       1.0799150	       1.0943697	       1.0931029	       1.1009987	       1.0975847	
   1.7515501e+08	       1.0696261	       1.0690338	       1.0827617	       1.0824511	       1.0938267	       1.0922127	       1.0985528	       1.0887221	
   1.7523501e+08	       1.0659357	       1.0675988	       1.0829972	       1.0814039	       1.0902710	       1.0906607	       1.0978220	       1.0955305	
   1.7531501e+08	       1.0658892	       1.0678233	       1.0846562	       1.0810781	       1.0928262	       1.0915447	       1.0928713	       1.0859482	
   1.7539501e+08	       1.0629806	       1.0650607	       1.0806512	       1.0824007	       1.0896680	       1.0889851	       1.0978290	       1.0896767	
   1.7547501e+08	       1.0621495	       1.0642274	       1.0823254	       1.0781673	       1.0870242	       1.0890608	       1.0954550	       1.0982678	
   1.7555501e+08	       1.0661772	       1.0654298	       1.0762672	       1.0768199	       1.0862391	       1.0848522	       1.0944483	       1.0878866	
   1.7563501e+08	       1.0649280	       1.0687894	       1.0773610	       1.0759760	       1.0847634	       1.0822128	       1.0904811	       1.0935226	
   1.7571501e+08	       1.0645720	       1.0705762	       1.0721538	       1.0798568	       1.0858412	       1.0827823	       1.0893927	       1.0829116	
   1.7579501e+08	       1.0662684	       1.0689070	       1.0739632	       1.0757574	       1.0822661	       1.0810437	       1.0893035	       1.0861280	
   1.7587501e+08	       1.0654886	       1.0686255	       1.0739931	       1.0775647	       1.0824554	       1.0762046	       1.0882737	       1.0863400	
   1.7595501e+08	       1.0500545	       1.0518286	       1.0643146	       1.0632616	       1.0671877	       1.0639975	       1.0702538	       1.0679177	
   1.7603501e+08	       0.0000000	       0.0000000	       0.0000000	       0.0000000	       0.0000000	       0.0000000	       0.0000000	       0.0000000	
   1.7611501e+08	       0.0000000	       0.0000000	       0.0000000	       0.0000000	       0.0000000	       0.0000000	       0.0000000	       0.0000000	
   1.7619501e+08	       1.0459152	       1.0466491	       1.0555779	       1.0561287	       1.0613805	       1.0589825	       1.0658662	       1.0682458	
   1.7627501e+08	       1.0649751	       1.0644043	       1.0719435	       1.0719510	       1.0788844	       1.0759324	       1.0882352	       1.0891639	
   1.7635501e+08	       1.0631873	       1.0643582	       1.0688520	       1.0714146	       1.0758589	       1.0773402	       1.0845654	       1.0881841	
   1.7643501e+08	       1.0644339	       1.0651945	       1.0651720	       1.0691495	       1.0754908	       1.0770398	       1.0769351	       1.0805360	
   1.7651501e+08	       1.0589693	       1.0613607	       1.0629346	       1.0704359	       1.0750614	       1.0748034	       1.0821333	       1.0796327	
   1.7659501e+08	       1.0586262	       1.0582101	       1.0638897	       1.0684432	       1.0734260	       1.0743566	       1.0755279	       1.0780065	
   1.7667501e+08	       1.0579921	       1.0558129	       1.0646690	       1.0691911	       1.0728973	       1.0697379	       1.0720009	       1.0758551	
   1.7675501e+08	       1.0540828	       1.0566891	       1.0694628	       1.0698226	       1.0727434	       1.0690881	       1.0693127	       1.0646525	
   1.7683501e+08	       1.0595615	       1.0595550	       1.0703283	       1.0682641	       1.0742938	       1.0696262	       1.0654508	       1.0672496	
   1.7691501e+08	       1.0559880	       1.0584437	       1.0684120	       1.0646355	       1.0740204	       1.0670862	       1.0642883	       1.0681366	
   1.7699501e+08	       1.0546408	       1.0552111	       1.0638720	       1.0629133	       1.0702645	       1.0655614	       1.0656175	       1.0656813	
   1.7707501e+08	       1.0554780	       1.0563136	       1.0626517	       1.0629157	       1.0690955	       1.0646232	       1.0630559	       1.0649706	
   1.7715501e+08	       1.0541023	       1.0570385	       1.0610520	       1.0576940	       1.0684709	       1.0635087	       1.0677247	       1.0642122	
   1.7723501e+08	       1.0383023	       1.0405135	       1.0421148	       1.0421127	       1.0533232	       1.0483226	       1.0453165	       1.0452278	
   1.7731501e+08	       0.0000000	       0.0000000	       0.0000000	       0.0000000	       0.0000000	       0.0000000	       0.0000000	       0.0000000	
   1.7739501e+08	       0.0000000	       0.0000000	       0.0000000	       0.0000000	       0.0000000	       0.0000000	       0.0000000	       0.0000000	
   1.7747501e+08	       1.0355000	       1.0343771	       1.0399718	       1.0407643	       1.0465461	       1.0420882	       1.0428615	       1.0463159	
   1.7755501e+08	       1.0506823	       1.0513110	       1.0585590	       1.0584402	       1.0634059	       1.0581178	       1.0596012	       1.0582962	
   1.7763501e+08	       1.0531656	       1.0500938	       1.0599812	       1.0586892	       1.0637956	       1.0580857	       1.0596605	       1.0611643	
   1.7771501e+08	       1.0508553	       1.0484613	       1.0622454	       1.0588517	       1.0612060	       1.0584058	       1.0601439	       1.0594019	
   1.7779501e+08	       1.0509808	       1.0489225	       1.0612252	       1.0563418	       1.0606787	       1.0571567	       1.0608052	       1.0598698	
   1.7787501e+08	       1.0455040	       1.0471523	       1.0553651	       1.0560120	       1.0572944	       1.0542964	       1.0571918	       1.0569880	
   1.7795501e+08	       1.0463864	       1.0451954	       1.0529872	       1.0539064	       1.0585384	       1.0516790	       1.0527348	       1.0502275	
   1.7803501e+08	       1.0445262	       1.0452290	       1.0482195	       1.0489553	       1.0589555	       1.0503728	       1.0573779	       1.0561138	
   1.7811501e+08	       1.0418798	       1.0436169	       1.0446316	       1.0479956	       1.0580452	       1.0499531	       1.0526606	       1.0550449	
   1.7819501e+08	       1.0441098	       1.0440796	       1.0470376	       1.0459396	       1.0548317	       1.0492482	       1.0517074	       1.0561941	
   1.7827501e+08	       1.0439032	       1.0482106	       1.0469001	       1.0456147	       1.0522269	       1.0461424	       1.0565481	       1.0525140	
   1.7835501e+08	       1.0470612	       1.0472397	       1.0473738	       1.0445650	       1.0510382	       1.0444394	       1.0512440	       1.0544016	
   1.7843501e+08	       1.0447349	       1.0485692	       1.0472525	       1.0449894	       1.0480561	       1.0432096	       1.0533757	       1.0538965	
   1.7851501e+08	       1.0304558	       1.0322371	       1.0320862	       1.0299028	       1.0339786	       1.0293764	       1.0418311	       1.0404972	
   1.7859501e+08	       0.0000000	       0.0000000	       0.0000000	       0.0000000	       0.0000000	       0.0000000	       0.0000000	       0.0000000	
   1.7867501e+08	       0.0000000	       0.0000000	       0.0000000	       0.0000000	       0.0000000	       0.0000000	       0.0000000	       0.0000000	
   1.7875501e+08	       1.0212446	       1.0262409	       1.0233194	       1.0198516	       1.0279644	       1.0214274	       1.0302145	       1.0327870	
   1.7883501e+08	       1.0405531	       1.0392718	       1.0406180	       1.0405396	       1.0442628	       1.0389297	       1.0464792	       1.0492337	
   1.7891501e+08	       1.0449619	       1.0374368	       1.0381767	       1.0380673	       1.0435453	       1.0438401	       1.0451388	       1.0450952	
   1.7899501e+08	       1.0437967	       1.0367884	       1.0398367	       1.0404181	       1.0455174	       1.0398015	       1.0418525	       1.0450925	
   1.7907501e+08	       1.0375306	       1.0357199	       1.0399795	       1.0388784	       1.0425040	       1.0381636	       1.0423512	       1.0455221	
   1.7915501e+08	       1.0338554	       1.0316336	       1.0422031	       1.0380649	       1.0397255	       1.0364442	       1.0381893	       1.0398436	
   1.7923501e+08	       1.0340779	       1.0315980	       1.0427119	       1.0410415	       1.0390801	       1.0369812	       1.0354272	       1.0371413	
   1.7931501e+08	       1.0318173	       1.0341773	       1.0473702	       1.0383899	       1.0411299	       1.0356218	       1.0403813	       1.0426357	
   1.7939501e+08	       1.0333917	       1.0327971	       1.0396220	       1.0353278	       1.0398810	       1.0344516	       1.0323573	       1.0389677	
   1.7947501e+08	       1.0324628	       1.0310942	       1.0384830	       1.0349746	       1.0401746	       1.0336373	       1.0338777	       1.0349638	
   1.7955501e+08	       1.0317856	       1.0332916	       1.0330407	       1.0342859	       1.0352787	       1.0303869	       1.0363622	       1.0375782	
   1.7963501e+08	       1.0317700	       1.0319725	       1.0302831	       1.0294676	       1.0337669	       1.0295374	       1.0411952	       1.0377522	
   1.7971501e+08	       1.0318062	       1.0332577	       1.0280521	       1.0307792	       1.0290813	       1.0248855	       1.0368536	       1.0379571	
   1.7979501e+08	       1.0145328	       1.0172447	       1.0137343	       1.0140387	       1.0173578	       1.0130498	       1.0244846	       1.0299172	
   1.7987501e+08	       0.0000000	       0.0000000	       0.0000000	       0.0000000	       0.0000000	       0.0000000	       0.0000000	       0.0000000	
   1.7995501e+08	       0.0000000	       0.0000000	       0.0000000	       0.0000000	       0.0000000	       0.0000000	       0.0000000	       0.0000000	
   1.8003501e+08	       1.0081077	       1.0091262	       1.0127288	       1.0097503	       1.0099369	       1.0051844	       1.0085416	       1.0123818	
   1.8011501e+08	       1.0291838	       1.0262052	       1.0306886	       1.0278666	       1.0220002	       1.0228994	       1.0250687	       1.0324933	
   1.8019501e+08	       1.0292116	       1.0269703	       1.0319908	       1.0301049	       1.0283164	       1.0250510	       1.0302383	       1.0362789	
   1.8027501e+08	       1.0309723	       1.0258328	       1.0300169	       1.0296288	       1.0243768	       1.0234396	       1.0257496	       1.0344385	
   1.8035501e+08	       1.0268138	       1.0242972	       1.0257102	       1.0259303	       1.0269160	       1.0224835	       1.0237973	       1.0295494	
   1.8043501e+08	       1.0254027	       1.0217325	       1.0239339	       1.0271236	       1.0241933	       1.0227839	       1.0232838	       1.0291402	
   1.8051501e+08	       1.0256010	       1.0238660	       1.0210623	       1.0260393	       1.0208940	       1.0189095	       1.0222988	       1.0242769	
   1.8059501e+08	       1.0279372	       1.0204994	       1.0229877	       1.0278365	       1.0149701	       1.0188072	       1.0255183	       1.0304587	
   1.8067501e+08	       1.0215165	       1.0222206	       1.0188974	       1.0291320	       1.0171450	       1.0188747	       1.0200010	       1.0251177	
   1.8075501e+08	       1.0211140	       1.0225326	       1.0237500	       1.0277312	       1.0169076	       1.0178784	       1.0198918	       1.0231700	
   1.8083501e+08	       1.0239162	       1.0211676	       1.0243760	       1.0248580	       1.0172609	       1.0151038	       1.0240965	       1.0243756	
   1.8091501e+08	       1.0230722	       1.0234107	       1.0245761	       1.0256387	       1.0138854	       1.0150240	       1.0193994	       1.0232189	
   1.8099501e+08	       1.0236770	       1.0208169	       1.0248533	       1.0232559	       1.0126045	       1.0168465	       1.0172307	       1.0255549	
   1.8107501e+08	       1.0090803	       1.0095928	       1.0072949	       1.0106410	      0.99986678	       1.0016191	       1.0066327	       1.0098602	
   1.8115501e+08	       0.0000000	       0.0000000	       0.0000000	       0.0000000	       0.0000000	       0.0000000	       0.0000000	       0.0000000	
   1.8123501e+08	       0.0000000	       0.0000000	       0.0000000	       0.0000000	       0.0000000	       0.0000000	       0.0000000	       0.0000000	
   1.8131501e+08	       1.0072605	       1.0053881	      0.99561516	      0.99915899	      0.99018420	      0.99946020	       1.0044789	       1.0023945	
   1.8139501e+08	       1.0236590	       1.0246481	       1.0148204	       1.0189467	       1.0066528	       1.0146349	       1.0276898	       1.0178216	
   1.8147501e+08	       1.0255480	       1.0220808	       1.0170575	       1.0223763	       1.0100623	       1.0145882	       1.0211389	       1.0225229	
   1.8155501e+08	       1.0236902	       1.0193927	       1.0174821	       1.0240598	       1.0101987	       1.0162335	       1.0199996	       1.0142062	
   1.8163501e+08	       1.0195293	       1.0182199	       1.0215256	       1.0233936	       1.0102160	       1.0133233	       1.0190987	       1.0168290	
   1.8171501e+08	       1.0196018	       1.0141615	       1.0230433	       1.0218990	       1.0095059	       1.0131745	       1.0175685	       1.0206788	
   1.8179501e+08	       1.0181609	       1.0132427	       1.0238419	       1.0215081	       1.0061292	       1.0118182	       1.0117953	       1.0172704	
   1.8187501e+08	       1.0200906	       1.0139522	       1.0217732	       1.0191100	       1.0071735	       1.0122952	       1.0125840	       1.0174899	
   1.8195501e+08	       1.0162081	       1.0137054	       1.0193719	       1.0200835	       1.0066797	       1.0140227	       1.0096912	       1.0095271	
   1.8203501e+08	       1.0142026	       1.0148585	       1.0163895	       1.0151342	       1.0043051	       1.0112807	       1.0118931	       1.0091151	
   1.8211501e+08	       1.0146070	       1.0141756	       1.0135709	       1.0175810	       1.0050651	       1.0090611	       1.0107392	       1.0109353	
   1.8219501e+08	       1.0127580	       1.0146056	       1.0137244	       1.0165431	       1.0068835	       1.0076357	       1.0095612	       1.0086788	
   1.8227501e+08	       1.0126333	       1.0167045	       1.0152451	       1.0145028	       1.0006681	       1.0072256	       1.0087510	       1.0105286	
   1.8235501e+08	       1.0002530	       1.0007972	       1.0048639	       1.0064315	      0.98583492	      0.99325310	      0.99571802	      0.99382155	
   1.8243501e+08	       0.0000000	       0.0000000	       0.0000000	       0.0000000	       0.0000000	       0.0000000	       0.0000000	       0.0000000	
   1.8251501e+08	       0.0000000	       0.0000000	       0.0000000	       0.0000000	       0.0000000	       0.0000000	       0.0000000	       0.0000000	
   1.8259501e+08	      0.99843009	      0.99716125	       1.0032617	       1.0020339	      0.98295047	      0.98643478	      0.99523253	      0.98852865	
   1.8267501e+08	       1.0184183	       1.0154086	       1.0201236	       1.0148568	      0.99605614	       1.0008949	       1.0098778	       1.0114243	
   1.8275501e+08	       1.0212235	       1.0179863	       1.0174274	       1.0173441	      0.99679758	       1.0013652	       1.0156003	       1.0101613	
   1.8283501e+08	       1.0202677	       1.0165639	       1.0133387	       1.0157002	      0.99555016	       1.0018715	       1.0098559	       1.0084353	
   1.8291501e+08	       1.0178528	       1.0143240	       1.0114445	       1.0160594	      0.99504237	       1.0012855	       1.0086005	       1.0085048	
   1.8299501e+08	       1.0160820	       1.0127659	       1.0111808	       1.0141395	      0.99721531	       1.0026488	       1.0091584	       1.0094658	
   1.8307501e+08	       1.0139263	       1.0122214	       1.0104947	       1.0153533	      0.99857307	       1.0017964	       1.0023473	       1.0093030	
   1.8315501e+08	       1.0158320	       1.0155535	       1.0164147	       1.0127147	      0.99679828	       1.0003297	       1.0087205	       1.0092725	
   1.8323501e+08	       1.0151067	       1.0107437	       1.0144272	       1.0194277	      0.99835857	       1.0002573	       1.0040250	       1.0105987	
   1.8331501e+08	       1.0117988	       1.0119917	       1.0168209	       1.0180054	      0.99852801	       1.0018647	       1.0020342	       1.0085746	
   1.8339501e+08	       1.0104318	       1.0135657	       1.0169756	       1.0174277	      0.99699705	       1.0016482	       1.0031244	       1.0102379	
   1.8347501e+08	       1.0107798	       1.0137228	       1.0142622	       1.0127342	      0.99711597	       1.0001661	       1.0001230	       1.0113612	
   1.8355501e+08	       1.0120774	       1.0150457	       1.0093218	       1.0120687	      0.99591254	       1.0006082	       1.0065145	       1.0057105	
   1.8363501e+08	      0.99716647	      0.99860000	      0.99328989	      0.99716617	      0.98398669	      0.98728597	      0.99145199	      0.99314518	
   1.8371501e+08	       0.0000000	       0.0000000	       0.0000000	       0.0000000	       0.0000000	       0.0000000	       0.0000000	       0.0000000	
   1.8379501e+08	       0.0000000	       0.0000000	       0.0000000	       0.0000000	       0.0000000	       0.0000000	       0.0000000	       0.0000000	
   1.8387501e+08	      0.99300886	      0.99536910	      0.99281640	      0.99579946	      0.97692730	      0.98223870	      0.98222892	      0.99262816	
   1.8395501e+08	       1.0108401	       1.0157305	       1.0119935	       1.0171401	      0.99241246	      0.99867777	       1.0044825	       1.0047415	
   1.8403501e+08	       1.0121562	       1.0124959	       1.0129998	       1.0161183	      0.99282527	      0.99756700	       1.0081987	       1.0052120	
   1.8411501e+08	       1.0110080	       1.0125421	       1.0154828	       1.0169824	      0.99105569	      0.99828232	       1.0034096	       1.0116535	
   1.8419501e+08	       1.0077759	       1.0066714	       1.0160228	       1.0163088	      0.99271329	      0.99701939	       1.0075586	       1.0095726	
   1.8427501e+08	       1.0059447	       1.0075255	       1.0123108	       1.0151875	      0.99355467	      0.99476363	       1.0038031	       1.0069933	
   1.8435501e+08	       1.0074238	       1.0056511	       1.0098015	       1.0131021	      0.99026114	      0.99577906	       1.0017056	       1.0035424	
   1.8443501e+08	       1.0039387	       1.0042884	       1.0050587	       1.0116312	      0.98561312	      0.99727690	       1.0079981	       1.0103454	
   1.8451501e+08	       1.0049017	       1.0044749	       1.0058781	       1.0093828	      0.98892987	      0.99582127	       1.0012843	       1.0035006	
   1.8459501e+08	       1.0018579	       1.0046778	       1.0047180	       1.0066363	      0.99318449	      0.99494894	      0.99823586	       1.0016416	
   1.8467501e+08	       1.0015224	       1.0074747	       1.0053868	       1.0084796	      0.99165917	      0.99236600	       1.0018360	       1.0018204	
   1.8475501e+08	       1.0034686	       1.0080141	       1.0064690	       1.0090875	      0.99188247	      0.99143724	      0.99478180	      0.99678280	
   1.8483501e+08	       1.0059487	       1.0101939	       1.0063438	       1.0094166	      0.98984736	      0.99154908	      0.99360884	       1.0006307	
   1.8491501e+08	      0.99082424	      0.99566895	      0.99537000	      0.99770463	      0.97441250	      0.97835537	      0.97918318	      0.98399019	
   1.8499501e+08	       0.0000000	       0.0000000	       0.0000000	       0.0000000	       0.0000000	       0.0000000	       0.0000000	       0.0000000	
   1.8507501e+08	       0.0000000	       0.0000000	       0.0000000	       0.0000000	       0.0000000	       0.0000000	       0.0000000	       0.0000000	
   1.8515501e+08	      0.98991547	      0.99540774	      0.98729685	      0.98901021	      0.97158254	      0.97407797	      0.97537683	      0.97589068	
   1.8523501e+08	       1.0097759	       1.0105469	       1.0022091	       1.0050557	      0.98487770	      0.98949736	      0.99310993	      0.99900122	
   1.8531501e+08	       1.0092143	       1.0130184	       1.0056332	       1.0072218	      0.98596018	      0.98837161	      0.99277363	      0.99730366	
   1.8539501e+08	       1.0106454	       1.0107473	       1.0044465	       1.0048012	      0.98743999	      0.98852734	      0.99422108	       1.0008220	
   1.8547501e+08	       1.0106353	       1.0096524	       1.0031633	       1.0051681	      0.98586162	      0.98779119	      0.99050790	      0.99644513	
   1.8555501e+08	       1.0063725	       1.0053235	       1.0067910	       1.0093669	      0.98610837	      0.98652750	      0.99040151	      0.99629830	
   1.8563501e+08	       1.0065567	       1.0068996	       1.0097819	       1.0061494	      0.98582687	      0.98601594	      0.99299452	      0.99576299	
   1.8571501e+08	       1.0015378	       1.0005773	       1.0088485	       1.0061161	      0.98476148	      0.98770427	      0.98974039	       1.0010362	
   1.8579501e+08	       1.0029567	       1.0060520	       1.0074996	       1.0024580	      0.98674040	      0.98722926	      0.99013239	      0.99411446	
   1.8587501e+08	       1.0014792	       1.0064588	       1.0069772	       1.0045272	      0.98497012	      0.98462620	      0.98826730	      0.99105554	
   1.8595501e+08	       1.0012875	       1.0083541	       1.0013033	       1.0033052	      0.98130133	      0.98287409	      0.98401840	      0.98928082	
   1.8603501e+08	      0.99992000	       1.0063909	       1.0017970	       1.0033314	      0.97862231	      0.98176769	      0.98594849	      0.98842548	
   1.8611501e+08	      0.99816933	       1.0061692	      0.99808466	       1.0025240	      0.97891693	      0.97998422	      0.97727294	      0.98791859	
   1.8619501e+08	      0.98618033	      0.99318431	      0.98454618	      0.98724263	      0.96309979	      0.96417291	      0.96499360	      0.97267412	
   1.8627501e+08	       0.0000000	       0.0000000	       0.0000000	       0.0000000	       0.0000000	       0.0000000	       0.0000000	       0.0000000	
   1.8635501e+08	       0.0000000	       0.0000000	       0.0000000	       0.0000000	       0.0000000	       0.0000000	       0.0000000	       0.0000000	
   1.8643501e+08	      0.98459379	      0.99067967	      0.98533345	      0.98501660	      0.96067316	      0.96246715	      0.96941182	      0.96867422	
   1.8651501e+08	       1.0038889	       1.0078969	       1.0036429	      0.99979427	      0.97626844	      0.98000756	      0.98279166	      0.99022139	
   1.8659501e+08	       1.0027686	       1.0112467	       1.0021176	      0.99903832	      0.97600941	      0.98065565	      0.98423980	      0.98955812	
   1.8667501e+08	       1.0048395	       1.0055422	       1.0007349	       1.0000026	      0.97574100	      0.98068197	      0.98084546	      0.98427282	
   1.8675501e+08	       1.0005441	       1.0033545	      0.99781167	      0.99419861	      0.97934476	      0.97926409	      0.98020918	      0.98569685	
   1.8683501e+08	       1.0001873	       1.0026515	      0.99641630	      0.99304729	      0.97646874	      0.97755368	      0.97815786	      0.97912805	
   1.8691501e+08	       1.0006661	       1.0019909	      0.98878844	      0.99389117	      0.97625122	      0.97755328	      0.97952273	      0.98406009	
   1.8699501e+08	      0.99849102	       1.0002568	      0.98736841	      0.99394827	      0.97814922	      0.97825125	      0.97796710	      0.98162473	
   1.8707501e+08	      0.99381574	      0.99702609	      0.99253775	      0.99255518	      0.97654563	      0.97649006	      0.97400481	      0.97871210	
   1.8715501e+08	      0.99401245	      0.99749181	      0.98995654	      0.99356876	      0.97305829	      0.97559725	      0.97736514	      0.98061247	
   1.8723501e+08	      0.99160445	      0.99876511	      0.99309853	      0.99160581	      0.97485303	      0.97337824	      0.97516895	      0.97990336	
   1.8731501e+08	      0.98928547	      0.99892839	      0.99499873	      0.99279924	      0.97287743	      0.97410178	      0.97621898	      0.97910023	
   1.8739501e+08	      0.98932894	      0.99553096	      0.99385258	      0.98987804	      0.96800167	      0.97135687	      0.97617557	      0.97821298	
   1.8747501e+08	      0.97428302	      0.98312632	      0.97939558	      0.97550953	      0.95695002	      0.95891966	      0.95861729	      0.96067144	
   1.8755501e+08	       0.0000000	       0.0000000	       0.0000000	       0.0000000	       0.0000000	       0.0000000	       0.0000000	       0.0000000	
   1.8763501e+08	       0.0000000	       0.0000000	       0.0000000	       0.0000000	       0.0000000	       0.0000000	       0.0000000	       0.0000000	
   1.8771501e+08	      0.94084229	      0.94757655	      0.92229687	      0.91982448	      0.92421550	      0.92303875	      0.92094345	      0.91734151	
   1.8779501e+08	      0.95102845	      0.94907127	      0.91871351	      0.91618575	      0.92846711	      0.92137687	      0.91987572	      0.91660470	
   1.8787501e+08	      0.94416362	      0.94163559	      0.91191133	      0.90774791	      0.92057034	      0.91443574	      0.91614390	      0.91011975	
   1.8795501e+08	      0.94369128	      0.93951316	      0.91069577	      0.90928254	      0.92243397	      0.91508998	      0.91427376	      0.91085323	
   1.8803501e+08	      0.94299851	      0.93952549	      0.91414855	      0.90723403	      0.92072675	      0.91481110	      0.91385871	      0.90959802	
   1.8811501e+08	      0.94427860	      0.93473844	      0.91441296	      0.90654422	      0.91924360	      0.91218012	      0.91246366	      0.90747909	
   1.8819501e+08	      0.94236752	      0.93710863	      0.91461911	      0.90674530	      0.91758347	      0.91110879	      0.91059433	      0.90355394	
   1.8827501e+08	      0.93929409	      0.93199365	      0.91266685	      0.90599286	      0.91793556	      0.91086155	      0.90535832	      0.90411973	
   1.8835501e+08	      0.93861119	      0.93232993	      0.91078920	      0.90414896	      0.91370484	      0.91171400	      0.90518430	      0.89781922	
   1.8843501e+08	      0.93489400	      0.93124655	      0.90847910	      0.90253018	      0.91259840	      0.90929272	      0.90846174	      0.89871726	
   1.8851501e+08	      0.93672064	      0.93399451	      0.90469233	      0.89981826	      0.91316800	      0.91158304	      0.90408499	      0.89900408	
   1.8859501e+08	      0.93146785	      0.93165202	      0.90665328	      0.90296283	      0.90986990	      0.90818537	      0.90023467	      0.89568027	
   1.8867501e+08	      0.93427746	      0.93352649	      0.91251261	      0.90841458	      0.91322260	      0.91200861	      0.91080564	      0.90091449	
   1.8875501e+08	      0.93346373	      0.93269451	      0.91669081	      0.91482995	      0.91043783	      0.90993572	      0.90836263	      0.90444630	
   1.8883501e+08	       0.0000000	       0.0000000	       0.0000000	       0.0000000	       0.0000000	       0.0000000	       0.0000000	       0.0000000	
   1.8891501e+08	       0.0000000	       0.0000000	       0.0000000	       0.0000000	       0.0000000	       0.0000000	       0.0000000	       0.0000000	
   1.8899501e+08	      0.93097158	      0.93451874	      0.92168625	      0.91533333	      0.90822890	      0.90730031	      0.90893656	      0.90365352	
   1.8907501e+08	      0.93447666	      0.93718512	      0.91837732	      0.91247834	      0.91151202	      0.91256981	      0.91384294	      0.90427494	
   1.8915501e+08	      0.93090023	      0.92940819	      0.91132813	      0.90493445	      0.90587589	      0.90430541	      0.90529505	      0.89735936	
   1.8923501e+08	      0.93078862	      0.92683924	      0.90885558	      0.90243402	      0.90494332	      0.90262442	      0.90827510	      0.89801571	
   1.8931501e+08	      0.92826671	      0.92623211	      0.90814895	      0.90213033	      0.90730081	      0.90319528	      0.90188089	      0.89901795	
   1.8939501e+08	      0.93024915	      0.92211842	      0.90401464	      0.90232365	      0.90760303	      0.90145752	      0.90009993	      0.90083598	
   1.8947501e+08	      0.92788872	      0.92468249	      0.90553897	      0.89984012	      0.90472829	      0.90278381	      0.90105499	      0.89938758	
   1.8955501e+08	      0.92828253	      0.92646963	      0.90490621	      0.89733906	      0.90539534	      0.90146246	      0.90615759	      0.90087037	
   1.8963501e+08	      0.92671817	      0.92162255	      0.90551424	      0.89970209	      0.90248239	      0.89918687	      0.90583879	      0.89990655	
   1.8971501e+08	      0.92606666	      0.92225864	      0.90558548	      0.89879719	      0.90377159	      0.89876460	      0.90169452	      0.89607216	
   1.8979501e+08	      0.92296915	      0.92272346	      0.90449726	      0.89739922	      0.90114890	      0.89781558	      0.90137165	      0.89448537	
   1.8987501e+08	      0.92458138	      0.92247774	      0.90054016	      0.89651651	      0.90146310	      0.89868281	      0.89874348	      0.89197672	
   1.8995501e+08	      0.92800026	      0.92770008	      0.90324910	      0.89829889	      0.90217826	      0.89974320	      0.89907140	      0.89942015	
   1.9003501e+08	      0.92575252	      0.92596479	      0.90417592	      0.90422467	      0.90057768	      0.90137580	      0.90003690	      0.90365333	
   1.9011501e+08	       0.0000000	       0.0000000	       0.0000000	       0.0000000	       0.0000000	       0.0000000	       0.0000000	       0.0000000	
   1.9019501e+08	       0.0000000	       0.0000000	       0.0000000	       0.0000000	       0.0000000	       0.0000000	       0.0000000	       0.0000000	
   1.9027501e+08	      0.91998600	      0.92688874	      0.90209186	      0.90154426	      0.89717636	      0.89828296	      0.89956889	      0.89821905	
   1.9035501e+08	      0.93003898	      0.93118855	      0.90358394	      0.90274149	      0.90314631	      0.90126348	      0.90078477	      0.89845759	
   1.9043501e+08	      0.92516032	      0.92772328	      0.89860823	      0.89520126	      0.89847106	      0.89614330	      0.89522078	      0.89515730	
   1.9051501e+08	      0.92537885	      0.92437664	      0.89750043	      0.89433283	      0.89535620	      0.89513931	      0.89411252	      0.89283956	
   1.9059501e+08	      0.92623836	      0.92269726	      0.89716897	      0.89489059	      0.89819705	      0.89609681	      0.89065596	      0.88921738	
   1.9067501e+08	      0.92484893	      0.91998331	      0.89797944	      0.89326518	      0.89710458	      0.89459392	      0.89030547	      0.88941125	
   1.9075501e+08	      0.92188590	      0.91709626	      0.89519552	      0.89266436	      0.89449190	      0.89309499	      0.88787327	      0.88981504	
   1.9083501e+08	      0.91882126	      0.91567010	      0.89514374	      0.89207185	      0.89339627	      0.88881467	      0.89044130	      0.88851448	
   1.9091501e+08	      0.91718761	      0.91201275	      0.89215276	      0.88973718	      0.89352878	      0.89182111	      0.88671171	      0.88632025	
   1.9099501e+08	      0.91633268	      0.91292611	      0.89259488	      0.89114454	      0.89198449	      0.89222804	      0.88077734	      0.88661439	
   1.9107501e+08	      0.91435257	      0.90943425	      0.89186455	      0.88972689	      0.89099668	      0.89037562	      0.88591770	      0.88341348	
   1.9115501e+08	      0.91361141	      0.91079184	      0.89446188	      0.89127109	      0.89407138	      0.89066719	      0.87935929	      0.88065790	
   1.9123501e+08	      0.91325380	      0.91396226	      0.89867648	      0.89537461	      0.89399172	      0.89203959	      0.88451583	      0.88461668	
   1.9131501e+08	      0.91314749	      0.91375514	      0.90163127	      0.90109357	      0.89074711	      0.89172482	      0.88438462	      0.88507290	
   1.9139501e+08	       0.0000000	       0.0000000	       0.0000000	       0.0000000	       0.0000000	       0.0000000	       0.0000000	       0.0000000	
   1.9147501e+08	       0.0000000	       0.0000000	       0.0000000	       0.0000000	       0.0000000	       0.0000000	       0.0000000	       0.0000000	
   1.9155501e+08	      0.91062989	      0.91467956	      0.89848793	      0.89813500	      0.88818016	      0.89009921	      0.88759840	      0.89196888	
   1.9163501e+08	      0.91965096	      0.92248502	      0.89467944	      0.89557921	      0.89361630	      0.89265316	      0.88956025	      0.89582420	
   1.9171501e+08	      0.91506678	      0.91587565	      0.88777689	      0.88959122	      0.88762042	      0.88743883	      0.88891848	      0.88660665	
   1.9179501e+08	      0.91558221	      0.91650967	      0.88738458	      0.88956263	      0.88810678	      0.88700833	      0.88577171	      0.88736383	
   1.9187501e+08	      0.91649417	      0.91245893	      0.88732648	      0.88818409	      0.88648261	      0.88494457	      0.88951679	      0.88597014	
   1.9195501e+08	      0.91207966	      0.91147912	      0.89028161	      0.88843926	      0.88441576	      0.88394528	      0.88674689	      0.88799484	
   1.9203501e+08	      0.91292616	      0.91117509	      0.88916057	      0.88875300	      0.88453181	      0.88337437	      0.88624263	      0.88564032	
   1.9211501e+08	      0.91354639	      0.90629394	      0.89065800	      0.88991890	      0.88592546	      0.88384059	      0.88770544	      0.88301344	
   1.9219501e+08	      0.91079033	      0.90693692	      0.89097978	      0.88705744	      0.88327736	      0.88172600	      0.88227433	      0.88123031	
   1.9227501e+08	      0.90846746	      0.90634284	      0.88793409	      0.88691554	      0.88443070	      0.88222272	      0.87821455	      0.87953240	
   1.9235501e+08	      0.90703740	      0.90502694	      0.88658571	      0.88682702	      0.88218041	      0.88015504	      0.87468157	      0.87633786	
   1.9243501e+08	      0.90650096	      0.90470371	      0.88484034	      0.88478896	      0.87951314	      0.87892761	      0.88188998	      0.87658532	
   1.9251501e+08	      0.90896413	      0.90785010	      0.88603272	      0.88981091	      0.88114947	      0.88231759	      0.87957259	      0.87978270	
   1.9259501e+08	      0.90247314	      0.90883021	      0.88759345	      0.89200077	      0.87706870	      0.87910896	      0.87671924	      0.87549519	
   1.9267501e+08	       0.0000000	       0.0000000	       0.0000000	       0.0000000	       0.0000000	       0.0000000	       0.0000000	       0.0000000	
   1.9275501e+08	       0.0000000	       0.0000000	       0.0000000	       0.0000000	       0.0000000	       0.0000000	       0.0000000	       0.0000000	
   1.9283501e+08	      0.90229887	      0.91028516	      0.89072268	      0.89256740	      0.87457302	      0.87625672	      0.87438501	      0.88034994	
   1.9291501e+08	      0.91145665	      0.91723786	      0.89230651	      0.89485441	      0.87899808	      0.87964435	      0.87855435	      0.88246009	
   1.9299501e+08	      0.90856858	      0.91190290	      0.88789124	      0.88746428	      0.87707007	      0.87773471	      0.87461715	      0.87552855	
   1.9307501e+08	      0.90835879	      0.91273199	      0.88639763	      0.88459301	      0.87723240	      0.87702232	      0.87455722	      0.87559638	
   1.9315501e+08	      0.90877333	      0.91499138	      0.88570406	      0.88220263	      0.87747367	      0.87751943	      0.86849806	      0.87678322	
   1.9323501e+08	      0.90878301	      0.91174136	      0.88312473	      0.88446048	      0.87748950	      0.87539288	      0.86919283	      0.87688355	
   1.9331501e+08	      0.91010768	      0.90993371	      0.88040025	      0.88039435	      0.87539420	      0.87623762	      0.87185501	      0.87515819	
   1.9339501e+08	      0.90657073	      0.90853641	      0.87976403	      0.88213560	      0.87562898	      0.87469142	      0.87072814	      0.87845568	
   1.9347501e+08	      0.90459149	      0.90408481	      0.87978719	      0.87997909	      0.87434393	      0.87283737	      0.87031539	      0.87654885	
   1.9355501e+08	      0.90275137	      0.90342397	      0.88279754	      0.88143859	      0.87273421	      0.87379696	      0.87297388	      0.87865115	
   1.9363501e+08	      0.89995373	      0.89980366	      0.88498978	      0.88426110	      0.87284108	      0.87327440	      0.87422736	      0.88120018	
   1.9371501e+08	      0.89592287	      0.89694176	      0.88573887	      0.88225921	      0.87227721	      0.87469211	      0.87371488	      0.87880015	
   1.9379501e+08	      0.89817953	      0.90318044	      0.89062432	      0.88830030	      0.87501732	      0.87732973	      0.87560246	      0.88110654	
   1.9387501e+08	      0.89332250	      0.90031483	      0.89282005	      0.88834561	      0.87240487	      0.87546172	      0.87463460	      0.87758305	
   1.9395501e+08	       0.0000000	       0.0000000	       0.0000000	       0.0000000	       0.0000000	       0.0000000	       0.0000000	       0.0000000	
   1.9403501e+08	       0.0000000	       0.0000000	       0.0000000	       0.0000000	       0.0000000	       0.0000000	       0.0000000	       0.0000000	
   1.9411501e+08	      0.89409343	      0.90376444	      0.88189991	      0.89033366	      0.87293631	      0.87447027	      0.87599152	      0.87719372	
   1.9419501e+08	      0.90058025	      0.91271918	      0.88564538	      0.89003715	      0.87639878	      0.87828342	      0.87709594	      0.88150299	
   1.9427501e+08	      0.90044368	      0.90890887	      0.88130693	      0.88405044	      0.87377309	      0.87528389	      0.87659404	      0.87905920	
   1.9435501e+08	      0.90017485	      0.90689533	      0.88284447	      0.88334395	      0.87391939	      0.87590085	      0.87807563	      0.87684563	
   1.9443501e+08	      0.90196411	      0.90398708	      0.88359552	      0.88622268	      0.87426416	      0.87367301	      0.87935438	      0.87671053	
   1.9451501e+08	      0.90136762	      0.90339777	      0.88325267	      0.88482763	      0.87409506	      0.87325349	      0.87746738	      0.87816199	
   1.9459501e+08	      0.90181041	      0.89997119	      0.88523265	      0.88515784	      0.87352074	      0.87383446	      0.87566779	      0.87562714	
   1.9467501e+08	      0.90016499	      0.90239068	      0.88542897	      0.88398240	      0.87425117	      0.87317457	      0.87573287	      0.87891884	
   1.9475501e+08	      0.89797780	      0.89830161	      0.88123599	      0.88150764	      0.87295100	      0.87106469	      0.87409132	      0.87538374	
   1.9483501e+08	      0.89838651	      0.89696373	      0.87928824	      0.87934308	      0.87317814	      0.87341744	      0.87205908	      0.86951059	
   1.9491501e+08	      0.89715226	      0.89859002	      0.87987326	      0.87827033	      0.87264187	      0.87082521	      0.86688793	      0.87086237	
   1.9499501e+08	      0.89399092	      0.89801511	      0.87789851	      0.87882034	      0.87143724	      0.86971158	      0.87044908	      0.87139288	
   1.9507501e+08	      0.89886771	      0.90218024	      0.88307207	      0.88321127	      0.87294719	      0.87197704	      0.87314800	      0.87530980	
   1.9515501e+08	      0.89480109	      0.90158695	      0.88487233	      0.88473499	      0.86980654	      0.87091597	      0.86876092	      0.87201569	
   1.9523501e+08	       0.0000000	       0.0000000	       0.0000000	       0.0000000	       0.0000000	       0.0000000	       0.0000000	       0.0000000	
   1.9531501e+08	       0.0000000	       0.0000000	       0.0000000	       0.0000000	       0.0000000	       0.0000000	       0.0000000	       0.0000000	
   1.9539501e+08	      0.89110936	      0.90325868	      0.88634918	      0.88660292	      0.87000323	      0.87117815	      0.86805588	      0.86889357	
   1.9547501e+08	      0.89949751	      0.90733126	      0.89205522	      0.88819355	      0.87384454	      0.87503799	      0.87361627	      0.87776284	
   1.9555501e+08	      0.89629512	      0.90359354	      0.88377983	      0.88337429	      0.87132317	      0.87275673	      0.86530229	      0.86730520	
   1.9563501e+08	      0.89683245	      0.90411256	      0.88360000	      0.88071705	      0.87287297	      0.87276267	      0.86417848	      0.86945684	
   1.9571501e+08	      0.89833119	      0.90286225	      0.88031291	      0.88076609	      0.87061447	      0.87192012	      0.86372070	      0.86854665	
   1.9579501e+08	      0.89831244	      0.90238918	      0.88021606	      0.87982205	      0.86907416	      0.87198762	      0.86347705	      0.86652516	
   1.9587501e+08	      0.89506989	      0.90157562	      0.87916905	      0.88090681	      0.87154542	      0.86970389	      0.86728378	      0.86676815	
   1.9595501e+08	      0.89625049	      0.89841904	      0.88107432	      0.88077591	      0.86888654	      0.86920599	      0.86437710	      0.86967779	
   1.9603501e+08	      0.89588317	      0.89644222	      0.87762427	      0.88156921	      0.86858898	      0.87008122	      0.86058949	      0.86486765	
   1.9611501e+08	      0.89406345	      0.89508620	      0.87912715	      0.88081977	      0.86928524	      0.86802357	      0.86233277	      0.86663453	
   1.9619501e+08	      0.89418536	      0.89515694	      0.88068334	      0.87970993	      0.86556132	      0.86783428	      0.85924226	      0.86499421	
   1.9627501e+08	      0.89172389	      0.89222496	      0.87982663	      0.88026149	      0.86431417	      0.86688007	      0.86165469	      0.86702754	
   1.9635501e+08	      0.89429852	      0.89995810	      0.88054926	      0.88279706	      0.86660075	      0.86744169	      0.86601466	      0.87101045	
   1.9643501e+08	      0.89049292	      0.89551053	      0.88030401	      0.88320907	      0.86347572	      0.86561027	      0.86532609	      0.86721890	
   1.9651501e+08	       0.0000000	       0.0000000	       0.0000000	       0.0000000	       0.0000000	       0.0000000	       0.0000000	       0.0000000	
   1.9659501e+08	       0.0000000	       0.0000000	       0.0000000	       0.0000000	       0.0000000	       0.0000000	       0.0000000	       0.0000000	
   1.9667501e+08	      0.88914566	      0.90037551	      0.87630764	      0.88177299	      0.85749430	      0.86211437	      0.86445947	      0.86589027	
   1.9675501e+08	      0.89871503	      0.90809194	      0.88072572	      0.88173344	      0.86445213	      0.87015166	      0.86963140	      0.87131095	
   1.9683501e+08	      0.89671780	      0.90393995	      0.87445207	      0.87869586	      0.86169606	      0.86608384	      0.86400688	      0.86515849	
   1.9691501e+08	      0.89634865	      0.90205003	      0.87651720	      0.87704855	      0.86309295	      0.86370422	      0.86491741	      0.86342002	
   1.9699501e+08	      0.89882996	      0.90132413	      0.87730081	      0.87955538	      0.86154650	      0.86290693	      0.86380341	      0.86933127	
   1.9707501e+08	      0.89731458	      0.90332795	      0.87630408	      0.87773719	      0.86234296	      0.86249899	      0.86095583	      0.86547775	
   1.9715501e+08	      0.89815144	      0.90039775	      0.87512147	      0.87772788	      0.85783870	      0.86138776	      0.86053627	      0.86131010	
   1.9723501e+08	      0.89798557	      0.89612705	      0.87236416	      0.87511380	      0.85702260	      0.86385630	      0.86117241	      0.86360957	
   1.9731501e+08	      0.89357918	      0.89442202	      0.87145188	      0.87282389	      0.85891463	      0.86268608	      0.86126218	      0.85924121	
   1.9739501e+08	      0.89105083	      0.89177921	      0.86955918	      0.87643454	      0.85590092	      0.85951015	      0.86270445	      0.85844320	
   1.9747501e+08	      0.89160637	      0.88930954	      0.87046823	      0.87223853	      0.85947040	      0.86062606	      0.85814521	      0.85844333	
   1.9755501e+08	      0.88910817	      0.88719930	      0.86898674	      0.87259496	      0.85531593	      0.85810263	      0.85593433	      0.85687796	
   1.9763501e+08	      0.89261116	      0.89196185	      0.87393659	      0.87901016	      0.85540514	      0.85943684	      0.85924206	      0.85773269	
   1.9771501e+08	      0.88292566	      0.88890237	      0.87604520	      0.87877763	      0.85035997	      0.85658923	      0.85324481	      0.85414205	
   1.9779501e+08	       0.0000000	       0.0000000	       0.0000000	       0.0000000	       0.0000000	       0.0000000	       0.0000000	       0.0000000	
