  1.67075e+08	    0.000000	    0.000000	    0.000000	    0.000000	    0.000000	    0.000000	    0.000000	    0.000000	
  1.67155e+08	    0.913722	    0.913578	    0.924285	    0.925726	    0.973678	    0.971574	    0.967673	    0.973757	
  1.67235e+08	    1.041879	    1.040711	    1.056966	    1.058491	    1.110848	    1.110497	    1.110724	    1.119567	
  1.67315e+08	    1.079715	    1.082231	    1.095625	    1.095567	    1.152275	    1.150278	    1.160750	    1.159633	
  1.67395e+08	    1.080783	    1.082173	    1.095245	    1.096454	    1.151575	    1.151524	    1.164400	    1.156827	
  1.67475e+08	    1.077833	    1.082992	    1.093293	    1.094860	    1.150878	    1.150900	    1.158798	    1.164307	
  1.67555e+08	    1.077423	    1.083519	    1.093944	    1.096035	    1.152239	    1.148954	    1.162151	    1.163498	
  1.67635e+08	    1.077711	    1.083083	    1.092584	    1.094217	    1.149244	    1.148398	    1.159686	    1.164676	
  1.67715e+08	    1.074796	    1.080987	    1.090172	    1.093480	    1.147181	    1.145585	    1.166131	    1.158787	
  1.67795e+08	    1.076943	    1.083271	    1.092195	    1.094176	    1.147467	    1.145424	    1.169367	    1.159516	
  1.67875e+08	    1.076401	    1.079223	    1.089067	    1.092172	    1.145889	    1.144588	    1.168453	    1.167895	
  1.67955e+08	    1.075543	    1.078266	    1.088148	    1.090877	    1.145381	    1.143001	    1.165959	    1.168616	
  1.68035e+08	    1.075172	    1.076081	    1.087939	    1.089061	    1.145282	    1.143547	    1.167248	    1.162014	
  1.68115e+08	    1.045055	    1.043124	    1.055634	    1.056452	    1.109773	    1.107771	    1.136047	    1.124154	
  1.68195e+08	    0.928256	    0.926751	    0.935955	    0.937618	    0.985505	    0.982212	    1.001988	    0.992501	
  1.68275e+08	    0.000000	    0.000000	    0.000000	    0.000000	    0.000000	    0.000000	    0.000000	    0.000000	
  1.68355e+08	    0.000000	    0.000000	    0.000000	    0.000000	    0.000000	    0.000000	    0.000000	    0.000000	
  1.68435e+08	    0.908858	    0.906200	    0.915237	    0.917634	    0.961191	    0.960573	    0.973271	    0.969150	
  1.68515e+08	    1.037236	    1.034402	    1.047251	    1.049314	    1.101943	    1.097142	    1.127434	    1.113808	
  1.68595e+08	    1.074994	    1.072104	    1.086264	    1.088314	    1.142059	    1.137907	    1.165665	    1.156639	
  1.68675e+08	    1.076253	    1.076724	    1.085908	    1.088889	    1.143543	    1.137413	    1.166038	    1.151792	
  1.68755e+08	    1.074985	    1.073293	    1.084818	    1.086624	    1.142385	    1.137157	    1.163221	    1.152597	
  1.68835e+08	    1.075614	    1.077435	    1.085298	    1.086052	    1.142112	    1.138455	    1.160124	    1.147527	
  1.68915e+08	    1.072617	    1.075829	    1.082539	    1.083898	    1.139164	    1.135452	    1.158420	    1.145289	
  1.68995e+08	    1.070016	    1.074953	    1.082103	    1.083395	    1.140068	    1.133708	    1.156417	    1.143617	
  1.69075e+08	    1.075002	    1.076125	    1.081796	    1.083763	    1.140534	    1.136459	    1.152769	    1.143535	
  1.69155e+08	    1.071903	    1.072659	    1.080343	    1.083358	    1.138169	    1.133795	    1.153866	    1.142983	
  1.69235e+08	    1.071011	    1.070373	    1.079636	    1.083004	    1.137353	    1.134765	    1.145793	    1.138779	
  1.69315e+08	    1.071994	    1.069493	    1.079018	    1.082389	    1.137641	    1.134858	    1.150080	    1.134941	
  1.69395e+08	    1.042478	    1.037968	    1.047159	    1.050710	    1.102687	    1.099880	    1.115132	    1.103918	
  1.69475e+08	    0.927088	    0.921871	    0.929531	    0.932798	    0.978535	    0.976427	    0.981507	    0.979263	
  1.69555e+08	    0.000000	    0.000000	    0.000000	    0.000000	    0.000000	    0.000000	    0.000000	    0.000000	
  1.69635e+08	    0.000000	    0.000000	    0.000000	    0.000000	    0.000000	    0.000000	    0.000000	    0.000000	
  1.69715e+08	    0.906092	    0.903562	    0.907022	    0.910955	    0.958737	    0.956182	    0.954942	    0.954481	
  1.69795e+08	    1.031560	    1.029825	    1.037053	    1.041109	    1.094624	    1.093289	    1.102559	    1.101230	
  1.69875e+08	    1.071128	    1.066686	    1.075190	    1.079040	    1.136561	    1.134467	    1.144132	    1.143962	
  1.69955e+08	    1.071573	    1.070049	    1.076110	    1.080280	    1.135058	    1.135384	    1.139979	    1.149336	
  1.70035e+08	    1.069875	    1.069768	    1.074959	    1.080840	    1.134174	    1.134615	    1.140455	    1.139635	
  1.70115e+08	    1.069639	    1.072838	    1.077081	    1.081676	    1.135859	    1.134961	    1.146012	    1.137887	
  1.70195e+08	    1.070741	    1.071178	    1.075530	    1.080215	    1.135500	    1.135122	    1.141294	    1.139957	
  1.70275e+08	    1.069195	    1.072216	    1.075370	    1.079859	    1.133504	    1.134315	    1.137194	    1.148533	
  1.70355e+08	    1.068860	    1.073497	    1.075235	    1.080479	    1.134932	    1.135584	    1.139105	    1.144721	
  1.70435e+08	    1.067644	    1.072355	    1.074271	    1.078656	    1.132444	    1.135015	    1.139293	    1.140855	
  1.70515e+08	    1.067628	    1.071967	    1.074198	    1.077851	    1.133066	    1.133447	    1.140664	    1.139505	
  1.70595e+08	    1.069095	    1.068798	    1.073723	    1.077320	    1.131447	    1.133021	    1.138184	    1.138866	
  1.70675e+08	    1.037370	    1.037821	    1.042337	    1.046392	    1.099812	    1.101724	    1.103707	    1.112467	
  1.70755e+08	    0.922115	    0.922902	    0.925247	    0.928947	    0.976506	    0.977033	    0.971242	    0.979844	
  1.70835e+08	    0.000000	    0.000000	    0.000000	    0.000000	    0.000000	    0.000000	    0.000000	    0.000000	
  1.70915e+08	    0.000000	    0.000000	    0.000000	    0.000000	    0.000000	    0.000000	    0.000000	    0.000000	
  1.70995e+08	    0.903755	    0.900692	    0.906583	    0.910249	    0.952247	    0.954573	    0.952985	    0.957602	
  1.71075e+08	    1.032994	    1.027343	    1.037502	    1.042234	    1.089561	    1.089814	    1.098319	    1.101370	
  1.71155e+08	    1.072286	    1.066791	    1.075334	    1.080345	    1.129968	    1.129446	    1.135978	    1.138697	
  1.71235e+08	    1.072665	    1.070568	    1.076891	    1.080921	    1.129939	    1.129750	    1.135874	    1.136055	
  1.71315e+08	    1.074474	    1.073153	    1.076533	    1.079274	    1.129245	    1.128811	    1.135774	    1.135108	
  1.71395e+08	    1.072914	    1.074666	    1.076952	    1.080490	    1.127475	    1.127842	    1.134091	    1.137130	
  1.71475e+08	    1.072323	    1.074756	    1.076045	    1.078486	    1.126254	    1.126191	    1.128392	    1.136461	
  1.71555e+08	    1.070704	    1.076441	    1.076534	    1.079289	    1.123853	    1.124247	    1.131157	    1.132345	
  1.71635e+08	    1.073994	    1.077374	    1.077723	    1.080140	    1.127351	    1.125668	    1.136533	    1.129439	
  1.71715e+08	    1.073262	    1.076567	    1.077452	    1.080260	    1.125600	    1.124525	    1.130255	    1.127660	
  1.71795e+08	    1.072933	    1.075613	    1.077005	    1.079809	    1.125685	    1.123059	    1.130845	    1.127143	
  1.71875e+08	    1.072596	    1.076399	    1.077093	    1.079771	    1.124408	    1.121392	    1.127283	    1.133519	
  1.71955e+08	    1.043043	    1.043912	    1.045044	    1.047937	    1.090742	    1.091180	    1.091662	    1.093482	
  1.72035e+08	    0.926495	    0.928661	    0.927044	    0.929663	    0.968348	    0.966898	    0.966356	    0.960484	
  1.72115e+08	    0.000000	    0.000000	    0.000000	    0.000000	    0.000000	    0.000000	    0.000000	    0.000000	
  1.72195e+08	    0.000000	    0.000000	    0.000000	    0.000000	    0.000000	    0.000000	    0.000000	    0.000000	
  1.72275e+08	    0.907437	    0.907239	    0.905140	    0.908253	    0.943395	    0.944220	    0.935508	    0.946967	
  1.72355e+08	    1.034957	    1.032604	    1.038181	    1.040113	    1.081215	    1.080666	    1.074260	    1.090547	
  1.72435e+08	    1.074903	    1.072275	    1.076272	    1.079542	    1.120094	    1.120001	    1.124061	    1.126005	
  1.72515e+08	    1.076440	    1.075827	    1.078635	    1.081332	    1.119516	    1.117786	    1.120406	    1.128472	
  1.72595e+08	    1.077736	    1.076358	    1.077697	    1.080562	    1.117986	    1.115968	    1.116243	    1.127314	
  1.72675e+08	    1.077013	    1.079038	    1.079703	    1.081832	    1.117835	    1.116894	    1.116952	    1.126487	
  1.72755e+08	    1.077526	    1.079487	    1.077097	    1.080031	    1.116391	    1.114832	    1.113330	    1.121830	
  1.72835e+08	    1.076354	    1.082732	    1.077301	    1.078585	    1.116646	    1.114699	    1.119545	    1.114764	
  1.72915e+08	    1.077913	    1.083898	    1.078064	    1.078991	    1.117859	    1.115807	    1.114948	    1.121756	
  1.72995e+08	    1.077155	    1.081993	    1.076724	    1.077897	    1.114708	    1.114132	    1.113441	    1.119494	
  1.73075e+08	    1.077651	    1.082987	    1.076583	    1.076789	    1.113988	    1.110847	    1.109372	    1.118389	
  1.73155e+08	    1.077595	    1.082002	    1.076725	    1.077710	    1.114099	    1.111589	    1.106744	    1.115607	
  1.73235e+08	    1.047650	    1.048644	    1.046286	    1.046566	    1.080411	    1.078656	    1.078537	    1.078523	
  1.73315e+08	    0.932000	    0.931409	    0.928735	    0.928970	    0.960659	    0.956889	    0.953089	    0.954733	
  1.73395e+08	    0.000000	    0.000000	    0.000000	    0.000000	    0.000000	    0.000000	    0.000000	    0.000000	
  1.73475e+08	    0.000000	    0.000000	    0.000000	    0.000000	    0.000000	    0.000000	    0.000000	    0.000000	
  1.73555e+08	    0.912730	    0.909668	    0.908743	    0.909768	    0.931650	    0.930577	    0.921020	    0.929510	
  1.73635e+08	    1.042789	    1.038206	    1.039489	    1.039198	    1.066501	    1.062827	    1.063158	    1.066847	
  1.73715e+08	    1.081439	    1.075937	    1.077283	    1.076261	    1.106277	    1.103588	    1.103649	    1.101725	
  1.73795e+08	    1.081561	    1.078501	    1.077471	    1.077134	    1.106703	    1.103322	    1.094761	    1.106246	
  1.73875e+08	    1.080032	    1.077461	    1.076807	    1.076341	    1.106431	    1.102228	    1.095421	    1.108685	
  1.73955e+08	    1.081284	    1.081657	    1.078098	    1.077082	    1.107271	    1.102362	    1.093200	    1.101647	
  1.74035e+08	    1.081005	    1.079957	    1.076399	    1.076410	    1.102882	    1.097979	    1.099636	    1.094025	
  1.74115e+08	    1.080960	    1.082723	    1.076515	    1.076365	    1.101079	    1.096972	    1.095234	    1.096224	
  1.74195e+08	    1.080130	    1.082962	    1.077924	    1.077618	    1.100335	    1.096350	    1.092360	    1.098221	
  1.74275e+08	    1.078391	    1.083064	    1.076495	    1.075469	    1.099562	    1.096338	    1.087701	    1.093351	
  1.74355e+08	    1.078361	    1.083597	    1.075363	    1.075206	    1.097301	    1.093546	    1.086821	    1.091521	
  1.74435e+08	    1.078110	    1.082071	    1.074826	    1.073405	    1.097495	    1.094369	    1.092270	    1.093097	
  1.74515e+08	    1.046182	    1.049086	    1.041888	    1.041331	    1.066796	    1.063047	    1.056114	    1.061234	
  1.74595e+08	    0.929977	    0.931338	    0.923496	    0.923638	    0.943990	    0.943473	    0.936170	    0.940410	
  1.74675e+08	    0.000000	    0.000000	    0.000000	    0.000000	    0.000000	    0.000000	    0.000000	    0.000000	
  1.74755e+08	    0.000000	    0.000000	    0.000000	    0.000000	    0.000000	    0.000000	    0.000000	    0.000000	
  1.74835e+08	    0.907721	    0.907315	    0.903137	    0.902793	    0.924827	    0.923210	    0.914353	    0.912228	
  1.74915e+08	    1.037212	    1.037193	    1.033341	    1.034275	    1.056980	    1.057611	    1.052965	    1.050190	
  1.74995e+08	    1.075052	    1.073851	    1.071584	    1.071782	    1.096205	    1.094889	    1.089230	    1.089843	
  1.75075e+08	    1.073859	    1.075071	    1.072658	    1.072600	    1.095995	    1.097134	    1.089794	    1.091528	
  1.75155e+08	    1.073287	    1.074914	    1.071060	    1.071574	    1.094762	    1.094535	    1.084637	    1.084384	
  1.75235e+08	    1.073721	    1.076876	    1.071242	    1.070872	    1.093104	    1.093996	    1.085512	    1.087554	
  1.75315e+08	    1.070561	    1.077217	    1.068675	    1.067830	    1.091068	    1.091711	    1.079990	    1.086721	
  1.75395e+08	    1.070064	    1.075995	    1.066510	    1.066982	    1.090320	    1.089284	    1.073573	    1.087451	
  1.75475e+08	    1.070144	    1.077663	    1.068487	    1.067074	    1.090448	    1.092701	    1.084476	    1.085813	
  1.75555e+08	    1.068345	    1.076821	    1.066109	    1.065582	    1.088746	    1.088683	    1.083757	    1.077707	
  1.75635e+08	    1.069474	    1.076456	    1.066725	    1.065264	    1.087105	    1.086615	    1.086198	    1.078391	
  1.75715e+08	    1.068031	    1.072815	    1.066331	    1.065842	    1.086124	    1.085915	    1.082082	    1.079184	
  1.75795e+08	    1.035814	    1.042304	    1.035934	    1.034233	    1.052380	    1.051666	    1.050075	    1.051453	
  1.75875e+08	    0.920914	    0.924817	    0.917686	    0.917605	    0.932282	    0.934124	    0.921468	    0.924435	
  1.75955e+08	    0.000000	    0.000000	    0.000000	    0.000000	    0.000000	    0.000000	    0.000000	    0.000000	
  1.76035e+08	    0.000000	    0.000000	    0.000000	    0.000000	    0.000000	    0.000000	    0.000000	    0.000000	
  1.76115e+08	    0.898860	    0.898859	    0.893803	    0.893767	    0.909243	    0.907425	    0.899899	    0.897936	
  1.76195e+08	    1.026839	    1.025726	    1.022330	    1.021800	    1.037942	    1.036273	    1.029302	    1.036593	
  1.76275e+08	    1.063343	    1.061925	    1.060169	    1.059014	    1.074377	    1.074950	    1.071435	    1.069830	
  1.76355e+08	    1.064779	    1.060245	    1.059492	    1.059416	    1.074512	    1.074537	    1.075025	    1.069382	
  1.76435e+08	    1.062635	    1.060505	    1.059173	    1.058101	    1.073447	    1.072932	    1.069654	    1.066768	
  1.76515e+08	    1.064054	    1.062167	    1.059810	    1.059055	    1.072685	    1.071565	    1.068894	    1.071240	
  1.76595e+08	    1.061488	    1.062287	    1.057553	    1.057751	    1.072287	    1.068513	    1.065419	    1.069348	
  1.76675e+08	    1.061656	    1.062992	    1.057359	    1.056165	    1.068979	    1.066696	    1.063720	    1.059347	
  1.76755e+08	    1.061356	    1.064353	    1.057559	    1.056129	    1.070025	    1.067515	    1.066785	    1.063646	
  1.76835e+08	    1.058963	    1.064479	    1.055210	    1.054036	    1.068722	    1.065077	    1.065132	    1.062847	
  1.76915e+08	    1.058121	    1.062605	    1.053749	    1.051764	    1.066260	    1.063931	    1.062741	    1.069913	
  1.76995e+08	    1.055923	    1.061596	    1.052837	    1.049639	    1.066638	    1.063025	    1.062467	    1.065615	
  1.77075e+08	    1.026193	    1.029749	    1.020699	    1.019055	    1.035177	    1.031852	    1.027843	    1.032164	
  1.77155e+08	    0.909361	    0.912625	    0.904954	    0.902808	    0.919456	    0.915998	    0.905913	    0.909346	
  1.77235e+08	    0.000000	    0.000000	    0.000000	    0.000000	    0.000000	    0.000000	    0.000000	    0.000000	
  1.77315e+08	    0.000000	    0.000000	    0.000000	    0.000000	    0.000000	    0.000000	    0.000000	    0.000000	
  1.77395e+08	    0.888408	    0.886685	    0.883503	    0.882835	    0.896452	    0.893588	    0.880418	    0.893176	
  1.77475e+08	    1.012733	    1.011565	    1.011407	    1.009505	    1.024474	    1.022873	    1.017174	    1.021065	
  1.77555e+08	    1.049998	    1.048138	    1.047298	    1.044853	    1.061131	    1.060627	    1.057758	    1.051804	
  1.77635e+08	    1.051073	    1.047967	    1.046716	    1.045195	    1.062364	    1.061059	    1.061447	    1.055731	
  1.77715e+08	    1.050160	    1.047739	    1.044608	    1.042965	    1.061469	    1.059261	    1.055079	    1.062334	
  1.77795e+08	    1.048366	    1.048495	    1.043978	    1.043113	    1.059362	    1.058567	    1.054466	    1.063451	
  1.77875e+08	    1.045125	    1.047215	    1.040668	    1.040304	    1.057361	    1.056412	    1.052451	    1.051945	
  1.77955e+08	    1.044752	    1.048265	    1.039046	    1.039924	    1.055444	    1.056492	    1.056581	    1.047459	
  1.78035e+08	    1.043830	    1.048522	    1.040001	    1.039938	    1.056210	    1.054850	    1.056718	    1.052129	
  1.78115e+08	    1.041715	    1.048470	    1.039114	    1.039173	    1.053360	    1.053839	    1.056368	    1.056988	
  1.78195e+08	    1.040545	    1.046669	    1.038617	    1.038871	    1.053706	    1.052006	    1.046029	    1.058982	
  1.78275e+08	    1.040376	    1.047345	    1.038717	    1.037005	    1.051104	    1.051704	    1.050834	    1.050064	
  1.78355e+08	    1.009125	    1.015896	    1.008271	    1.006874	    1.019396	    1.019100	    1.019912	    1.016867	
  1.78435e+08	    0.898927	    0.901719	    0.893321	    0.892704	    0.905110	    0.904361	    0.908138	    0.900544	
  1.78515e+08	    0.000000	    0.000000	    0.000000	    0.000000	    0.000000	    0.000000	    0.000000	    0.000000	
  1.78595e+08	    0.000000	    0.000000	    0.000000	    0.000000	    0.000000	    0.000000	    0.000000	    0.000000	
  1.78675e+08	    0.874478	    0.871822	    0.869937	    0.869162	    0.885116	    0.883845	    0.882852	    0.873564	
  1.78755e+08	    0.996551	    0.994819	    0.995840	    0.994510	    1.011347	    1.010820	    1.018383	    1.006950	
  1.78835e+08	    1.031322	    1.029399	    1.031916	    1.030892	    1.047526	    1.047514	    1.057411	    1.045901	
  1.78915e+08	    1.032531	    1.029180	    1.032717	    1.031790	    1.046094	    1.048226	    1.052257	    1.049083	
  1.78995e+08	    1.031321	    1.027344	    1.031687	    1.031154	    1.045400	    1.046140	    1.046764	    1.046693	
  1.79075e+08	    1.032618	    1.029147	    1.031892	    1.032391	    1.047233	    1.045476	    1.053279	    1.042573	
  1.79155e+08	    1.031640	    1.027984	    1.030008	    1.029888	    1.044526	    1.043103	    1.054379	    1.036072	
  1.79235e+08	    1.031752	    1.030767	    1.027561	    1.028281	    1.044417	    1.042091	    1.051715	    1.047306	
  1.79315e+08	    1.031584	    1.033408	    1.028117	    1.028333	    1.044366	    1.042389	    1.053177	    1.047981	
  1.79395e+08	    1.028956	    1.031433	    1.025842	    1.025958	    1.041199	    1.041418	    1.051812	    1.047765	
  1.79475e+08	    1.028011	    1.030644	    1.024705	    1.025236	    1.040828	    1.038832	    1.051988	    1.047918	
  1.79555e+08	    1.027402	    1.031085	    1.024686	    1.024147	    1.038497	    1.037964	    1.053129	    1.046296	
  1.79635e+08	    0.996326	    0.999745	    0.995005	    0.994328	    1.008916	    1.007661	    1.022895	    1.019058	
  1.79715e+08	    0.886359	    0.887117	    0.882309	    0.882259	    0.895233	    0.895369	    0.898003	    0.898006	
  1.79795e+08	    0.000000	    0.000000	    0.000000	    0.000000	    0.000000	    0.000000	    0.000000	    0.000000	
  1.79875e+08	    0.000000	    0.000000	    0.000000	    0.000000	    0.000000	    0.000000	    0.000000	    0.000000	
  1.79955e+08	    0.869913	    0.864537	    0.862336	    0.861747	    0.872308	    0.871643	    0.877139	    0.871066	
  1.80035e+08	    0.991711	    0.987207	    0.986207	    0.984562	    0.995781	    0.995734	    1.010777	    1.007506	
  1.80115e+08	    1.027112	    1.020836	    1.021149	    1.019683	    1.033614	    1.032337	    1.045182	    1.038437	
  1.80195e+08	    1.028474	    1.021111	    1.020091	    1.019049	    1.035549	    1.033795	    1.043270	    1.035801	
  1.80275e+08	    1.025164	    1.020970	    1.018404	    1.017988	    1.033960	    1.031591	    1.043756	    1.030194	
  1.80355e+08	    1.026668	    1.020933	    1.019006	    1.018526	    1.032216	    1.033193	    1.040894	    1.030187	
  1.80435e+08	    1.024059	    1.020192	    1.017319	    1.017704	    1.030106	    1.030448	    1.040017	    1.030276	
  1.80515e+08	    1.024190	    1.020971	    1.018470	    1.018651	    1.026952	    1.029858	    1.036310	    1.029595	
  1.80595e+08	    1.025244	    1.023343	    1.018145	    1.018991	    1.027930	    1.029670	    1.039655	    1.029748	
  1.80675e+08	    1.024086	    1.022927	    1.017359	    1.017710	    1.028214	    1.027401	    1.042117	    1.023856	
  1.80755e+08	    1.023566	    1.023169	    1.016491	    1.015949	    1.027221	    1.028248	    1.037975	    1.026008	
  1.80835e+08	    1.022004	    1.023074	    1.015390	    1.015813	    1.026909	    1.028345	    1.036262	    1.031973	
  1.80915e+08	    0.992935	    0.993307	    0.985601	    0.985437	    0.994753	    0.999214	    1.004304	    1.003266	
  1.80995e+08	    0.881841	    0.881204	    0.873776	    0.873989	    0.882617	    0.885077	    0.887439	    0.883136	
  1.81075e+08	    0.000000	    0.000000	    0.000000	    0.000000	    0.000000	    0.000000	    0.000000	    0.000000	
  1.81155e+08	    0.000000	    0.000000	    0.000000	    0.000000	    0.000000	    0.000000	    0.000000	    0.000000	
  1.81235e+08	    0.859337	    0.855400	    0.853289	    0.854258	    0.860522	    0.864254	    0.862498	    0.868327	
  1.81315e+08	    0.980117	    0.975468	    0.977735	    0.977155	    0.984658	    0.988831	    0.986493	    0.995232	
  1.81395e+08	    1.016578	    1.009830	    1.013516	    1.013768	    1.019957	    1.023924	    1.027902	    1.030985	
  1.81475e+08	    1.017591	    1.010367	    1.013438	    1.014106	    1.020083	    1.023722	    1.030652	    1.022751	
  1.81555e+08	    1.017437	    1.009980	    1.012488	    1.013676	    1.018749	    1.021921	    1.031379	    1.027557	
  1.81635e+08	    1.018573	    1.011353	    1.012410	    1.013893	    1.018799	    1.022585	    1.023269	    1.027315	
  1.81715e+08	    1.015451	    1.010073	    1.010397	    1.011332	    1.018147	    1.020470	    1.028454	    1.029313	
  1.81795e+08	    1.014936	    1.010648	    1.009868	    1.010625	    1.017475	    1.020833	    1.025875	    1.023656	
  1.81875e+08	    1.015277	    1.012823	    1.010303	    1.010659	    1.019504	    1.022074	    1.035463	    1.019380	
  1.81955e+08	    1.014366	    1.013346	    1.008464	    1.009110	    1.019128	    1.020316	    1.036599	    1.024302	
  1.82035e+08	    1.015082	    1.013299	    1.008396	    1.009503	    1.017401	    1.019794	    1.030601	    1.023716	
  1.82115e+08	    1.013478	    1.016174	    1.009524	    1.009536	    1.014738	    1.018302	    1.030148	    1.024521	
  1.82195e+08	    0.985867	    0.985164	    0.980198	    0.980427	    0.986404	    0.988336	    1.005047	    0.991097	
  1.82275e+08	    0.875521	    0.876101	    0.870420	    0.870710	    0.875851	    0.874989	    0.887939	    0.873371	
  1.82355e+08	    0.000000	    0.000000	    0.000000	    0.000000	    0.000000	    0.000000	    0.000000	    0.000000	
  1.82435e+08	    0.000000	    0.000000	    0.000000	    0.000000	    0.000000	    0.000000	    0.000000	    0.000000	
  1.82515e+08	    0.857655	    0.852333	    0.849526	    0.849574	    0.855295	    0.854595	    0.858685	    0.855643	
  1.82595e+08	    0.978389	    0.970631	    0.971619	    0.972393	    0.978097	    0.976756	    0.989611	    0.977758	
  1.82675e+08	    1.015345	    1.004432	    1.006646	    1.007264	    1.014215	    1.012525	    1.028775	    1.015285	
  1.82755e+08	    1.011946	    1.003302	    1.007776	    1.008065	    1.016021	    1.014512	    1.027483	    1.019982	
  1.82835e+08	    1.012984	    1.002366	    1.007143	    1.007612	    1.015007	    1.013334	    1.023141	    1.018279	
  1.82915e+08	    1.013367	    1.004480	    1.008158	    1.009308	    1.016425	    1.013345	    1.020554	    1.023213	
  1.82995e+08	    1.011904	    1.003982	    1.007178	    1.008364	    1.012958	    1.011531	    1.022295	    1.015862	
  1.83075e+08	    1.011154	    1.007396	    1.007892	    1.008101	    1.011059	    1.010865	    1.022724	    1.013951	
  1.83155e+08	    1.013037	    1.008774	    1.008382	    1.009524	    1.012446	    1.009770	    1.025957	    1.021613	
  1.83235e+08	    1.010488	    1.008763	    1.007388	    1.007694	    1.011346	    1.007966	    1.023029	    1.018224	
  1.83315e+08	    1.010467	    1.010312	    1.006211	    1.006778	    1.010628	    1.007763	    1.018328	    1.021731	
  1.83395e+08	    1.009796	    1.012053	    1.005934	    1.005937	    1.011362	    1.006527	    1.019734	    1.016787	
  1.83475e+08	    0.978644	    0.982374	    0.976041	    0.976849	    0.982436	    0.977417	    0.993995	    0.988341	
  1.83555e+08	    0.870537	    0.872418	    0.866054	    0.867414	    0.872017	    0.868434	    0.878905	    0.875281	
  1.83635e+08	    0.000000	    0.000000	    0.000000	    0.000000	    0.000000	    0.000000	    0.000000	    0.000000	
  1.83715e+08	    0.000000	    0.000000	    0.000000	    0.000000	    0.000000	    0.000000	    0.000000	    0.000000	
  1.83795e+08	    0.853483	    0.850900	    0.848788	    0.848838	    0.847747	    0.846492	    0.853671	    0.846543	
  1.83875e+08	    0.974972	    0.969850	    0.971742	    0.970728	    0.970369	    0.968260	    0.984365	    0.976576	
  1.83955e+08	    1.009869	    1.004634	    1.007165	    1.006831	    1.007160	    1.004714	    1.018069	    1.013414	
  1.84035e+08	    1.011932	    1.003904	    1.007593	    1.007204	    1.007415	    1.004393	    1.011410	    1.017379	
  1.84115e+08	    1.011271	    1.003702	    1.006373	    1.005848	    1.005375	    1.002904	    1.010116	    1.017243	
  1.84195e+08	    1.011054	    1.004728	    1.005832	    1.006759	    1.006274	    1.002641	    1.010369	    1.014473	
  1.84275e+08	    1.010196	    1.002955	    1.003340	    1.004940	    1.004493	    1.001391	    1.008339	    1.013573	
  1.84355e+08	    1.008996	    1.005182	    1.004086	    1.006267	    1.002716	    1.001161	    1.004180	    1.014177	
  1.84435e+08	    1.009093	    1.007888	    1.004575	    1.007096	    1.003667	    1.002248	    1.003929	    1.017714	
  1.84515e+08	    1.008965	    1.010844	    1.003558	    1.006477	    1.005064	    1.000604	    1.001604	    1.009256	
  1.84595e+08	    1.008147	    1.011041	    1.004444	    1.007006	    1.001892	    0.999329	    1.002226	    1.007817	
  1.84675e+08	    1.008830	    1.015279	    1.004633	    1.006817	    1.000846	    0.998896	    1.000626	    1.007948	
  1.84755e+08	    0.981056	    0.986975	    0.974887	    0.978069	    0.970755	    0.968522	    0.967640	    0.973813	
  1.84835e+08	    0.872186	    0.877947	    0.864439	    0.867692	    0.861240	    0.859558	    0.849345	    0.862579	
  1.84915e+08	    0.000000	    0.000000	    0.000000	    0.000000	    0.000000	    0.000000	    0.000000	    0.000000	
  1.84995e+08	    0.000000	    0.000000	    0.000000	    0.000000	    0.000000	    0.000000	    0.000000	    0.000000	
  1.85075e+08	    0.851369	    0.855005	    0.843444	    0.845974	    0.842732	    0.842336	    0.832853	    0.829454	
  1.85155e+08	    0.971940	    0.974379	    0.965058	    0.967672	    0.962319	    0.962149	    0.956712	    0.956634	
  1.85235e+08	    1.006915	    1.010836	    1.001193	    1.003081	    0.998476	    0.998149	    0.987796	    0.992080	
  1.85315e+08	    1.010030	    1.008485	    1.001833	    1.004134	    0.998021	    0.998937	    0.988426	    0.987535	
  1.85395e+08	    1.009755	    1.007314	    1.002896	    1.004468	    0.997115	    0.996942	    0.986509	    0.982359	
  1.85475e+08	    1.010631	    1.006995	    1.003621	    1.005206	    0.997419	    0.997471	    0.989761	    0.987033	
  1.85555e+08	    1.009290	    1.006920	    1.002215	    1.003630	    0.996805	    0.995128	    0.982878	    0.988378	
  1.85635e+08	    1.006912	    1.007263	    1.001187	    1.003222	    0.993685	    0.996484	    0.978414	    0.988077	
  1.85715e+08	    1.009017	    1.010326	    1.001995	    1.004043	    0.995048	    0.994994	    0.984466	    0.985297	
  1.85795e+08	    1.007000	    1.011045	    1.000910	    1.002039	    0.993555	    0.992875	    0.985260	    0.978539	
  1.85875e+08	    1.005628	    1.010519	    1.000753	    1.000847	    0.992384	    0.993156	    0.984673	    0.981391	
  1.85955e+08	    1.006489	    1.013987	    1.000620	    1.001059	    0.992167	    0.992062	    0.979167	    0.981798	
  1.86035e+08	    0.977513	    0.984795	    0.971491	    0.972519	    0.963576	    0.963164	    0.950322	    0.952596	
  1.86115e+08	    0.868069	    0.876543	    0.863026	    0.863741	    0.855223	    0.853946	    0.838668	    0.839244	
  1.86195e+08	    0.000000	    0.000000	    0.000000	    0.000000	    0.000000	    0.000000	    0.000000	    0.000000	
  1.86275e+08	    0.000000	    0.000000	    0.000000	    0.000000	    0.000000	    0.000000	    0.000000	    0.000000	
  1.86355e+08	    0.850745	    0.852784	    0.843183	    0.843280	    0.833378	    0.832132	    0.814817	    0.820682	
  1.86435e+08	    0.971198	    0.970767	    0.964830	    0.963997	    0.952068	    0.950835	    0.938166	    0.943595	
  1.86515e+08	    1.006078	    1.004181	    0.999656	    0.998421	    0.988321	    0.986701	    0.975184	    0.976366	
  1.86595e+08	    1.007824	    1.002099	    1.000260	    0.998950	    0.988996	    0.987115	    0.977083	    0.977591	
  1.86675e+08	    1.003802	    0.999166	    0.999361	    0.997129	    0.987693	    0.987359	    0.976363	    0.975550	
  1.86755e+08	    1.005440	    0.998898	    0.999282	    0.997088	    0.988387	    0.986793	    0.971789	    0.989420	
  1.86835e+08	    1.003141	    0.996865	    0.997910	    0.996726	    0.984669	    0.984640	    0.970187	    0.985472	
  1.86915e+08	    1.002223	    0.998351	    0.997638	    0.997089	    0.983553	    0.981842	    0.965631	    0.978240	
  1.86995e+08	    1.003348	    0.998196	    0.998939	    0.998277	    0.985738	    0.983638	    0.975286	    0.978642	
  1.87075e+08	    1.003534	    1.000186	    0.997557	    0.996906	    0.984084	    0.980753	    0.975989	    0.978730	
  1.87155e+08	    1.003972	    1.000507	    0.996473	    0.996886	    0.982466	    0.979287	    0.971263	    0.983257	
  1.87235e+08	    1.003500	    1.001739	    0.996281	    0.996222	    0.981169	    0.979013	    0.968196	    0.979859	
  1.87315e+08	    0.974225	    0.975425	    0.967114	    0.966687	    0.950565	    0.950295	    0.942259	    0.947916	
  1.87395e+08	    0.865819	    0.867291	    0.857413	    0.857014	    0.843952	    0.842154	    0.831197	    0.835557	
  1.87475e+08	    0.000000	    0.000000	    0.000000	    0.000000	    0.000000	    0.000000	    0.000000	    0.000000	
  1.87555e+08	    0.000000	    0.000000	    0.000000	    0.000000	    0.000000	    0.000000	    0.000000	    0.000000	
  1.87635e+08	    0.842696	    0.848559	    0.837090	    0.837546	    0.820593	    0.818874	    0.794844	    0.807418	
  1.87715e+08	    0.963880	    0.965808	    0.957222	    0.958437	    0.937752	    0.936948	    0.917084	    0.926430	
  1.87795e+08	    0.996055	    0.998228	    0.992101	    0.994362	    0.971080	    0.972418	    0.963009	    0.964359	
  1.87875e+08	    0.999457	    0.997803	    0.992572	    0.994847	    0.972097	    0.972510	    0.960480	    0.970098	
  1.87955e+08	    0.998857	    0.995322	    0.990453	    0.993341	    0.970161	    0.971331	    0.959884	    0.975208	
  1.88035e+08	    0.997416	    0.993566	    0.990223	    0.993206	    0.972160	    0.974220	    0.964664	    0.971810	
  1.88115e+08	    0.995248	    0.992584	    0.987858	    0.990268	    0.970008	    0.971782	    0.963153	    0.969715	
  1.88195e+08	    0.993612	    0.991079	    0.985886	    0.988239	    0.969169	    0.969931	    0.963201	    0.962783	
  1.88275e+08	    0.992999	    0.993160	    0.987095	    0.988781	    0.969047	    0.971512	    0.959533	    0.971315	
  1.88355e+08	    0.992652	    0.992630	    0.984695	    0.988210	    0.964389	    0.968022	    0.956411	    0.968993	
  1.88435e+08	    0.989932	    0.992704	    0.984455	    0.987607	    0.961528	    0.966049	    0.951189	    0.961759	
  1.88515e+08	    0.990107	    0.994517	    0.984055	    0.988141	    0.959641	    0.963576	    0.951563	    0.953994	
  1.88595e+08	    0.961304	    0.965703	    0.955342	    0.959796	    0.930414	    0.933510	    0.919572	    0.923376	
  1.88675e+08	    0.854527	    0.859018	    0.848087	    0.851820	    0.825306	    0.828249	    0.809625	    0.817164	
  1.88755e+08	    0.000000	    0.000000	    0.000000	    0.000000	    0.000000	    0.000000	    0.000000	    0.000000	
  1.88835e+08	    0.000000	    0.000000	    0.000000	    0.000000	    0.000000	    0.000000	    0.000000	    0.000000	
  1.88915e+08	    0.836387	    0.839893	    0.826482	    0.828721	    0.802969	    0.808172	    0.788058	    0.792359	
  1.88995e+08	    0.952948	    0.956295	    0.944873	    0.946263	    0.921182	    0.923217	    0.911658	    0.915995	
  1.89075e+08	    0.986991	    0.986897	    0.978422	    0.979606	    0.952551	    0.956744	    0.947066	    0.954944	
  1.89155e+08	    0.985730	    0.987437	    0.979613	    0.979758	    0.955275	    0.956388	    0.948774	    0.957945	
  1.89235e+08	    0.984341	    0.982147	    0.978535	    0.980042	    0.956038	    0.956245	    0.948618	    0.957992	
  1.89315e+08	    0.983827	    0.980206	    0.978830	    0.979954	    0.957284	    0.958971	    0.951924	    0.954243	
  1.89395e+08	    0.982332	    0.980033	    0.976569	    0.978611	    0.955906	    0.955790	    0.949316	    0.953196	
  1.89475e+08	    0.982082	    0.977377	    0.976340	    0.977886	    0.954214	    0.954838	    0.948927	    0.956714	
  1.89555e+08	    0.982558	    0.979311	    0.976773	    0.977949	    0.953583	    0.953711	    0.943095	    0.954944	
  1.89635e+08	    0.981051	    0.979752	    0.975526	    0.975974	    0.951016	    0.951419	    0.943224	    0.945804	
  1.89715e+08	    0.979712	    0.978848	    0.973784	    0.974127	    0.950192	    0.950220	    0.938886	    0.946110	
  1.89795e+08	    0.978902	    0.981349	    0.973334	    0.972961	    0.949827	    0.948339	    0.939445	    0.940793	
  1.89875e+08	    0.948914	    0.952665	    0.944142	    0.943427	    0.920721	    0.920152	    0.907140	    0.914039	
  1.89955e+08	    0.842811	    0.847592	    0.838486	    0.836749	    0.816091	    0.815835	    0.794323	    0.804365	
  1.90035e+08	    0.000000	    0.000000	    0.000000	    0.000000	    0.000000	    0.000000	    0.000000	    0.000000	
  1.90115e+08	    0.000000	    0.000000	    0.000000	    0.000000	    0.000000	    0.000000	    0.000000	    0.000000	
  1.90195e+08	    0.822053	    0.827648	    0.819355	    0.819570	    0.795609	    0.796064	    0.779389	    0.781638	
  1.90275e+08	    0.938139	    0.941276	    0.937326	    0.936784	    0.910764	    0.909255	    0.897515	    0.899926	
  1.90355e+08	    0.971881	    0.974386	    0.971544	    0.971279	    0.945063	    0.944311	    0.934016	    0.936091	
  1.90435e+08	    0.973124	    0.973411	    0.971529	    0.970764	    0.945147	    0.946839	    0.933800	    0.931979	
  1.90515e+08	    0.972223	    0.969658	    0.969826	    0.969143	    0.944885	    0.945183	    0.941911	    0.930295	
  1.90595e+08	    0.971275	    0.968312	    0.969163	    0.968994	    0.944928	    0.946496	    0.944238	    0.931612	
  1.90675e+08	    0.967887	    0.964830	    0.967001	    0.965764	    0.944342	    0.944543	    0.943937	    0.937350	
  1.90755e+08	    0.966817	    0.963922	    0.965534	    0.965922	    0.944470	    0.944084	    0.938614	    0.934858	
  1.90835e+08	    0.967353	    0.964478	    0.965619	    0.966235	    0.942716	    0.944241	    0.940445	    0.930191	
  1.90915e+08	    0.964833	    0.963992	    0.963418	    0.965101	    0.942174	    0.941747	    0.939451	    0.926224	
  1.90995e+08	    0.964196	    0.965997	    0.963246	    0.964944	    0.939252	    0.940961	    0.935843	    0.923999	
  1.91075e+08	    0.963704	    0.966629	    0.962329	    0.964325	    0.935968	    0.939003	    0.931529	    0.927190	
  1.91155e+08	    0.936823	    0.940171	    0.933771	    0.936794	    0.907982	    0.910584	    0.900979	    0.893951	
  1.91235e+08	    0.832755	    0.836047	    0.828737	    0.830964	    0.805461	    0.806909	    0.795784	    0.784907	
  1.91315e+08	    0.000000	    0.000000	    0.000000	    0.000000	    0.000000	    0.000000	    0.000000	    0.000000	
  1.91395e+08	    0.000000	    0.000000	    0.000000	    0.000000	    0.000000	    0.000000	    0.000000	    0.000000	
  1.91475e+08	    0.808121	    0.816094	    0.806962	    0.808262	    0.786778	    0.789592	    0.774600	    0.770009	
  1.91555e+08	    0.922710	    0.929378	    0.923014	    0.923739	    0.898962	    0.904097	    0.893014	    0.892624	
  1.91635e+08	    0.953908	    0.961439	    0.956278	    0.956774	    0.931577	    0.935766	    0.932276	    0.920729	
  1.91715e+08	    0.953677	    0.960290	    0.956947	    0.956884	    0.932155	    0.937729	    0.942600	    0.924943	
  1.91795e+08	    0.953498	    0.958010	    0.955318	    0.956333	    0.932701	    0.938048	    0.946514	    0.931024	
  1.91875e+08	    0.954142	    0.957025	    0.956228	    0.957966	    0.933881	    0.938914	    0.941799	    0.937091	
  1.91955e+08	    0.953741	    0.953661	    0.954403	    0.955572	    0.932831	    0.937945	    0.941298	    0.932333	
  1.92035e+08	    0.950582	    0.953860	    0.953808	    0.954305	    0.931016	    0.937536	    0.937840	    0.926882	
  1.92115e+08	    0.950824	    0.955282	    0.953285	    0.954433	    0.931964	    0.935680	    0.945086	    0.935205	
  1.92195e+08	    0.950357	    0.952739	    0.951741	    0.951524	    0.930109	    0.934000	    0.937502	    0.932576	
  1.92275e+08	    0.948252	    0.952049	    0.949763	    0.950725	    0.928034	    0.932134	    0.931388	    0.931380	
  1.92355e+08	    0.946750	    0.953129	    0.948936	    0.950582	    0.928661	    0.930839	    0.924962	    0.925313	
  1.92435e+08	    0.919566	    0.926767	    0.921376	    0.922620	    0.902065	    0.902296	    0.897613	    0.892102	
  1.92515e+08	    0.817246	    0.825794	    0.816422	    0.819076	    0.798990	    0.800318	    0.792372	    0.783638	
  1.92595e+08	    0.000000	    0.000000	    0.000000	    0.000000	    0.000000	    0.000000	    0.000000	    0.000000	
  1.92675e+08	    0.000000	    0.000000	    0.000000	    0.000000	    0.000000	    0.000000	    0.000000	    0.000000	
  1.92755e+08	    0.798025	    0.807397	    0.800094	    0.799661	    0.780522	    0.781033	    0.771233	    0.763731	
  1.92835e+08	    0.911564	    0.921712	    0.916199	    0.914661	    0.894791	    0.893038	    0.894480	    0.880543	
  1.92915e+08	    0.944944	    0.953074	    0.949813	    0.947870	    0.927778	    0.927558	    0.930335	    0.916512	
  1.92995e+08	    0.945041	    0.953000	    0.949586	    0.947267	    0.930495	    0.929655	    0.932310	    0.919709	
  1.93075e+08	    0.943238	    0.949475	    0.948741	    0.946254	    0.929440	    0.929931	    0.930109	    0.921361	
  1.93155e+08	    0.942265	    0.946958	    0.948263	    0.945734	    0.930614	    0.930867	    0.932545	    0.925880	
  1.93235e+08	    0.939720	    0.944437	    0.946713	    0.944625	    0.931014	    0.928504	    0.933278	    0.920869	
  1.93315e+08	    0.938063	    0.941842	    0.946504	    0.944426	    0.929631	    0.928344	    0.935204	    0.915405	
  1.93395e+08	    0.940398	    0.944190	    0.947050	    0.943847	    0.930760	    0.928927	    0.930693	    0.923633	
  1.93475e+08	    0.939753	    0.940462	    0.946933	    0.943697	    0.927991	    0.927519	    0.928876	    0.920591	
  1.93555e+08	    0.939272	    0.942458	    0.946513	    0.943232	    0.924972	    0.925569	    0.922725	    0.912863	
  1.93635e+08	    0.940654	    0.940515	    0.946601	    0.942124	    0.923412	    0.924548	    0.922439	    0.907285	
  1.93715e+08	    0.912747	    0.914256	    0.918723	    0.914620	    0.895819	    0.895094	    0.893861	    0.880897	
  1.93795e+08	    0.811100	    0.814521	    0.815063	    0.811024	    0.794236	    0.793647	    0.785582	    0.776232	
  1.93875e+08	    0.000000	    0.000000	    0.000000	    0.000000	    0.000000	    0.000000	    0.000000	    0.000000	
  1.93955e+08	    0.000000	    0.000000	    0.000000	    0.000000	    0.000000	    0.000000	    0.000000	    0.000000	
  1.94035e+08	    0.792727	    0.800856	    0.798017	    0.793583	    0.772485	    0.772086	    0.762371	    0.753101	
  1.94115e+08	    0.904665	    0.911585	    0.912947	    0.908495	    0.883193	    0.885014	    0.886666	    0.870568	
  1.94195e+08	    0.938375	    0.943437	    0.947253	    0.942270	    0.915408	    0.917901	    0.919265	    0.907349	
  1.94275e+08	    0.939719	    0.942210	    0.948138	    0.942811	    0.917713	    0.918108	    0.920486	    0.910887	
  1.94355e+08	    0.940378	    0.939869	    0.947049	    0.942583	    0.917573	    0.918214	    0.925040	    0.915058	
  1.94435e+08	    0.941201	    0.938848	    0.947090	    0.942895	    0.919614	    0.919449	    0.929868	    0.912338	
  1.94515e+08	    0.938999	    0.935242	    0.945882	    0.940715	    0.919221	    0.918352	    0.925294	    0.916816	
  1.94595e+08	    0.936355	    0.933924	    0.944157	    0.939717	    0.918439	    0.919381	    0.922205	    0.915374	
  1.94675e+08	    0.936443	    0.933113	    0.944569	    0.940634	    0.917448	    0.918333	    0.920985	    0.915370	
  1.94755e+08	    0.933720	    0.932132	    0.943156	    0.939595	    0.913813	    0.915980	    0.918644	    0.909747	
  1.94835e+08	    0.932064	    0.933635	    0.942080	    0.939438	    0.912068	    0.914234	    0.918673	    0.911302	
  1.94915e+08	    0.932403	    0.934069	    0.942104	    0.940074	    0.910014	    0.913802	    0.914256	    0.906249	
  1.94995e+08	    0.905868	    0.908969	    0.914905	    0.913423	    0.882793	    0.885988	    0.882563	    0.882065	
  1.95075e+08	    0.805886	    0.808689	    0.812019	    0.811071	    0.784184	    0.786073	    0.773483	    0.779761	
  1.95155e+08	    0.000000	    0.000000	    0.000000	    0.000000	    0.000000	    0.000000	    0.000000	    0.000000	
  1.95235e+08	    0.000000	    0.000000	    0.000000	    0.000000	    0.000000	    0.000000	    0.000000	    0.000000	
  1.95315e+08	    0.788755	    0.796034	    0.795088	    0.794116	    0.765799	    0.771489	    0.756360	    0.755767	
  1.95395e+08	    0.899048	    0.907762	    0.909737	    0.907750	    0.878050	    0.882441	    0.870393	    0.882139	
  1.95475e+08	    0.931515	    0.938404	    0.943160	    0.941184	    0.909920	    0.915620	    0.902423	    0.913465	
  1.95555e+08	    0.932692	    0.938961	    0.943721	    0.941787	    0.911501	    0.916960	    0.909480	    0.912546	
  1.95635e+08	    0.929841	    0.936124	    0.943773	    0.941022	    0.912291	    0.918646	    0.914355	    0.913444	
  1.95715e+08	    0.929797	    0.935375	    0.944053	    0.942076	    0.912090	    0.919539	    0.913325	    0.915480	
  1.95795e+08	    0.930394	    0.932794	    0.942995	    0.941088	    0.911027	    0.917123	    0.909768	    0.917139	
  1.95875e+08	    0.930123	    0.930676	    0.943020	    0.940756	    0.910291	    0.916868	    0.906834	    0.912662	
  1.95955e+08	    0.930035	    0.929408	    0.942739	    0.941262	    0.910408	    0.918098	    0.905725	    0.907040	
  1.96035e+08	    0.930820	    0.928288	    0.941961	    0.940289	    0.909496	    0.914224	    0.904288	    0.902576	
  1.96115e+08	    0.929745	    0.928623	    0.940768	    0.939083	    0.906348	    0.914042	    0.903305	    0.902802	
  1.96195e+08	    0.929155	    0.929069	    0.940356	    0.938243	    0.905273	    0.912503	    0.898889	    0.902260	
  1.96275e+08	    0.901148	    0.903519	    0.913410	    0.910636	    0.877950	    0.884238	    0.868802	    0.870543	
  1.96355e+08	    0.801555	    0.804916	    0.809856	    0.807854	    0.778342	    0.784173	    0.768134	    0.763261	
  1.96435e+08	    0.000000	    0.000000	    0.000000	    0.000000	    0.000000	    0.000000	    0.000000	    0.000000	
  1.96515e+08	    0.000000	    0.000000	    0.000000	    0.000000	    0.000000	    0.000000	    0.000000	    0.000000	
  1.96595e+08	    0.783404	    0.792331	    0.793487	    0.792473	    0.762455	    0.764990	    0.741953	    0.743104	
  1.96675e+08	    0.895040	    0.904660	    0.908504	    0.906848	    0.870968	    0.877316	    0.853259	    0.854127	
  1.96755e+08	    0.928234	    0.937708	    0.941301	    0.939481	    0.904047	    0.909644	    0.893605	    0.888850	
  1.96835e+08	    0.930128	    0.935760	    0.942218	    0.939920	    0.904478	    0.911055	    0.895847	    0.889373	
  1.96915e+08	    0.929829	    0.934807	    0.941749	    0.939051	    0.905746	    0.909364	    0.899123	    0.888070	
  1.96995e+08	    0.929984	    0.933274	    0.941993	    0.938619	    0.905446	    0.909966	    0.897306	    0.896687	
  1.97075e+08	    0.928128	    0.929262	    0.939718	    0.936643	    0.905279	    0.908486	    0.894346	    0.892547	
  1.97155e+08	    0.926384	    0.926419	    0.939407	    0.935970	    0.903519	    0.909085	    0.896562	    0.888460	
  1.97235e+08	    0.927791	    0.926000	    0.939326	    0.936998	    0.904433	    0.907596	    0.896458	    0.887241	
  1.97315e+08	    0.926267	    0.924686	    0.938905	    0.935418	    0.900225	    0.904622	    0.891672	    0.888235	
  1.97395e+08	    0.925287	    0.924264	    0.938803	    0.935112	    0.898865	    0.902017	    0.885626	    0.886547	
  1.97475e+08	    0.926468	    0.924707	    0.939461	    0.935346	    0.897731	    0.900920	    0.883336	    0.883858	
  1.97555e+08	    0.901423	    0.897415	    0.911909	    0.908865	    0.869097	    0.872956	    0.856151	    0.854736	
  1.97635e+08	    0.800623	    0.799627	    0.809901	    0.806556	    0.772250	    0.773838	    0.758016	    0.748516	
  1.97715e+08	    0.000000	    0.000000	    0.000000	    0.000000	    0.000000	    0.000000	    0.000000	    0.000000	
