1.389950e+08 0.999949 1.002182 0.955348 0.956701 0.991141 0.989480 0.976398 0.973081
1.390750e+08 0.999051 1.001276 0.955120 0.956441 0.990747 0.989166 0.976085 0.972955
1.391550e+08 0.998148 1.000367 0.954878 0.956170 0.990339 0.988840 0.975761 0.972812
1.392350e+08 0.997243 0.999454 0.954625 0.955891 0.989916 0.988505 0.975425 0.972652
1.393150e+08 0.996337 0.998538 0.954360 0.955604 0.989481 0.988161 0.975079 0.972476
1.393950e+08 0.995429 0.997622 0.954086 0.955310 0.989034 0.987808 0.974723 0.972285
1.394750e+08 0.994523 0.996705 0.953803 0.955010 0.988576 0.987448 0.974360 0.972081
1.395550e+08 0.993618 0.995790 0.953513 0.954705 0.988110 0.987081 0.973989 0.971863
1.396350e+08 0.992717 0.994876 0.953216 0.954397 0.987635 0.986709 0.973612 0.971632
1.397150e+08 0.991819 0.993965 0.952914 0.954086 0.987154 0.986332 0.973231 0.971391
1.397950e+08 0.990927 0.993059 0.952608 0.953774 0.986667 0.985952 0.972845 0.971140
1.398750e+08 0.990041 0.992157 0.952299 0.953461 0.986176 0.985569 0.972457 0.970879
1.399550e+08 0.989163 0.991262 0.951989 0.953149 0.985682 0.985185 0.972067 0.970611
1.400350e+08 0.988294 0.990374 0.951678 0.952838 0.985187 0.984800 0.971676 0.970336
1.401150e+08 0.987435 0.989495 0.951368 0.952530 0.984691 0.984415 0.971287 0.970055
1.401950e+08 0.986586 0.988625 0.951060 0.952227 0.984197 0.984032 0.970899 0.969769
1.402750e+08 0.985750 0.987766 0.950756 0.951928 0.983705 0.983651 0.970514 0.969480
1.403550e+08 0.984928 0.986919 0.950456 0.951636 0.983216 0.983274 0.970134 0.969189
1.404350e+08 0.984120 0.986084 0.950162 0.951351 0.982733 0.982901 0.969758 0.968896
1.405150e+08 0.983327 0.985264 0.949875 0.951074 0.982256 0.982535 0.969390 0.968604
1.405950e+08 0.982552 0.984458 0.949596 0.950807 0.981787 0.982174 0.969029 0.968312
1.406750e+08 0.981794 0.983669 0.949327 0.950551 0.981326 0.981822 0.968676 0.968024
1.407550e+08 0.981055 0.982897 0.949068 0.950306 0.980876 0.981478 0.968334 0.967738
1.408350e+08 0.980336 0.982143 0.948822 0.950074 0.980437 0.981144 0.968003 0.967458
1.409150e+08 0.979638 0.981408 0.948588 0.949856 0.980011 0.980821 0.967684 0.967183
1.409950e+08 0.978961 0.980693 0.948368 0.949653 0.979600 0.980509 0.967378 0.966915
1.410750e+08 0.978308 0.980000 0.948164 0.949466 0.979203 0.980210 0.967087 0.966656
1.411550e+08 0.977678 0.979328 0.947976 0.949296 0.978823 0.979925 0.966811 0.966406
1.412350e+08 0.977074 0.978680 0.947806 0.949143 0.978461 0.979655 0.966552 0.966166
1.413150e+08 0.976495 0.978056 0.947655 0.949010 0.978117 0.979400 0.966310 0.965939
1.413950e+08 0.975942 0.977456 0.947523 0.948896 0.977793 0.979162 0.966087 0.965724
1.414750e+08 0.975416 0.976883 0.947411 0.948803 0.977490 0.978942 0.965883 0.965523
1.415550e+08 0.974919 0.976336 0.947322 0.948732 0.977210 0.978740 0.965700 0.965337
1.416350e+08 0.974451 0.975816 0.947255 0.948683 0.976952 0.978557 0.965538 0.965167
1.417150e+08 0.974012 0.975324 0.947211 0.948658 0.976719 0.978394 0.965398 0.965014
1.417950e+08 0.973603 0.974862 0.947192 0.948657 0.976511 0.978252 0.965282 0.964879
1.418750e+08 0.973226 0.974428 0.947198 0.948680 0.976329 0.978132 0.965189 0.964763
1.419550e+08 0.972879 0.974025 0.947230 0.948730 0.976173 0.978034 0.965121 0.964667
1.420350e+08 0.972565 0.973653 0.947289 0.948805 0.976046 0.977959 0.965079 0.964592
1.421150e+08 0.972283 0.973313 0.947376 0.948908 0.975947 0.977908 0.965062 0.964539
1.421950e+08 0.972034 0.973004 0.947491 0.949038 0.975877 0.977881 0.965073 0.964509
1.422750e+08 0.971819 0.972728 0.947634 0.949196 0.975837 0.977880 0.965111 0.964502
1.423550e+08 0.971637 0.972484 0.947807 0.949382 0.975828 0.977904 0.965178 0.964520
1.424350e+08 0.971490 0.972274 0.948010 0.949598 0.975850 0.977954 0.965273 0.964562
1.425150e+08 0.971377 0.972098 0.948244 0.949844 0.975904 0.978031 0.965397 0.964631
1.425950e+08 0.971298 0.971956 0.948509 0.950119 0.975990 0.978136 0.965550 0.964725
1.426750e+08 0.971255 0.971849 0.948805 0.950425 0.976110 0.978267 0.965734 0.964847
1.427550e+08 0.971246 0.971776 0.949133 0.950762 0.976262 0.978427 0.965948 0.964997
1.428350e+08 0.971273 0.971738 0.949492 0.951129 0.976448 0.978615 0.966193 0.965174
1.429150e+08 0.971335 0.971735 0.949885 0.951528 0.976668 0.978832 0.966469 0.965381
1.429950e+08 0.971432 0.971767 0.950309 0.951958 0.976922 0.979077 0.966776 0.965616
1.430750e+08 0.971564 0.971834 0.950767 0.952419 0.977210 0.979352 0.967115 0.965881
1.431550e+08 0.971730 0.971936 0.951257 0.952913 0.977533 0.979656 0.967485 0.966176
1.432350e+08 0.971932 0.972074 0.951780 0.953437 0.977890 0.979989 0.967887 0.966501
1.433150e+08 0.972169 0.972247 0.952335 0.953993 0.978282 0.980352 0.968321 0.966856
1.433950e+08 0.972440 0.972454 0.952924 0.954581 0.978709 0.980744 0.968786 0.967242
1.434750e+08 0.972745 0.972697 0.953545 0.955200 0.979169 0.981165 0.969282 0.967659
1.435550e+08 0.973083 0.972974 0.954199 0.955850 0.979664 0.981616 0.969810 0.968106
1.436350e+08 0.973455 0.973285 0.954885 0.956531 0.980194 0.982096 0.970370 0.968585
1.437150e+08 0.973861 0.973631 0.955603 0.957243 0.980757 0.982605 0.970960 0.969094
1.437950e+08 0.974298 0.974010 0.956352 0.957985 0.981353 0.983143 0.971581 0.969634
1.438750e+08 0.974768 0.974422 0.957133 0.958758 0.981983 0.983710 0.972233 0.970205
1.439550e+08 0.975269 0.974867 0.957945 0.959560 0.982645 0.984305 0.972915 0.970807
1.440350e+08 0.975800 0.975345 0.958787 0.960391 0.983339 0.984929 0.973626 0.971439
1.441150e+08 0.976362 0.975854 0.959660 0.961251 0.984066 0.985579 0.974367 0.972101
1.441950e+08 0.976953 0.976394 0.960561 0.962139 0.984823 0.986257 0.975136 0.972792
1.442750e+08 0.977573 0.976964 0.961491 0.963054 0.985610 0.986962 0.975933 0.973513
1.443550e+08 0.978221 0.977565 0.962449 0.963996 0.986428 0.987693 0.976758 0.974263
1.444350e+08 0.978896 0.978195 0.963435 0.964965 0.987274 0.988450 0.977610 0.975042
1.445150e+08 0.979597 0.978853 0.964447 0.965959 0.988149 0.989231 0.978487 0.975848
1.445950e+08 0.980323 0.979538 0.965484 0.966978 0.989051 0.990037 0.979391 0.976682
1.446750e+08 0.981073 0.980251 0.966547 0.968021 0.989980 0.990867 0.980318 0.977543
1.447550e+08 0.981847 0.980989 0.967633 0.969086 0.990934 0.991720 0.981270 0.978430
1.448350e+08 0.982644 0.981752 0.968743 0.970174 0.991912 0.992595 0.982244 0.979342
1.449150e+08 0.983461 0.982539 0.969874 0.971284 0.992914 0.993491 0.983240 0.980279
1.449950e+08 0.984299 0.983350 0.971027 0.972413 0.993939 0.994408 0.984258 0.981240
1.450750e+08 0.985156 0.984182 0.972199 0.973562 0.994985 0.995345 0.985295 0.982223
1.451550e+08 0.986031 0.985035 0.973391 0.974729 0.996051 0.996300 0.986351 0.983229
1.452350e+08 0.986923 0.985908 0.974600 0.975913 0.997136 0.997274 0.987426 0.984256
1.453150e+08 0.987830 0.986800 0.975825 0.977114 0.998239 0.998264 0.988517 0.985304
1.453950e+08 0.988752 0.987710 0.977066 0.978329 0.999358 0.999270 0.989624 0.986370
1.454750e+08 0.989687 0.988636 0.978321 0.979559 1.000493 1.000291 0.990745 0.987455
1.455550e+08 0.990635 0.989577 0.979589 0.980801 1.001641 1.001325 0.991880 0.988556
1.456350e+08 0.991593 0.990533 0.980869 0.982054 1.002802 1.002373 0.993027 0.989674
1.457150e+08 0.992560 0.991501 0.982159 0.983318 1.003975 1.003432 0.994186 0.990807
1.457950e+08 0.993536 0.992482 0.983458 0.984591 1.005157 1.004501 0.995353 0.991953
1.458750e+08 0.994519 0.993472 0.984765 0.985871 1.006348 1.005580 0.996530 0.993112
1.459550e+08 0.995507 0.994472 0.986079 0.987158 1.007546 1.006666 0.997714 0.994282
1.460350e+08 0.996500 0.995480 0.987397 0.988451 1.008749 1.007760 0.998903 0.995462
1.461150e+08 0.997495 0.996494 0.988719 0.989747 1.009957 1.008860 1.000097 0.996651
1.461950e+08 0.998493 0.997514 0.990043 0.991046 1.011167 1.009963 1.001295 0.997847
1.462750e+08 0.999490 0.998537 0.991368 0.992346 1.012379 1.011071 1.002495 0.999050
1.463550e+08 1.000487 0.999563 0.992693 0.993646 1.013590 1.012180 1.003695 1.000257
1.464350e+08 1.001481 1.000591 0.994015 0.994945 1.014799 1.013290 1.004894 1.001468
1.465150e+08 1.002472 1.001619 0.995334 0.996242 1.016005 1.014399 1.006091 1.002681
1.465950e+08 1.003457 1.002645 0.996649 0.997534 1.017207 1.015507 1.007285 1.003895
1.466750e+08 1.004437 1.003669 0.997957 0.998821 1.018402 1.016612 1.008475 1.005109
1.467550e+08 1.005408 1.004689 0.999258 1.000101 1.019589 1.017712 1.009658 1.006320
1.468350e+08 1.006371 1.005703 1.000550 1.001374 1.020767 1.018807 1.010833 1.007529
1.469150e+08 1.007324 1.006711 1.001831 1.002637 1.021935 1.019895 1.012000 1.008732
1.469950e+08 1.008266 1.007712 1.003101 1.003889 1.023090 1.020975 1.013157 1.009930
1.470750e+08 1.009195 1.008703 1.004358 1.005130 1.024232 1.022046 1.014303 1.011121
1.471550e+08 1.010110 1.009684 1.005601 1.006358 1.025359 1.023106 1.015435 1.012302
1.472350e+08 1.011010 1.010653 1.006827 1.007571 1.026469 1.024154 1.016554 1.013474
1.473150e+08 1.011894 1.011610 1.008037 1.008769 1.027562 1.025190 1.017658 1.014634
1.473950e+08 1.012760 1.012552 1.009229 1.009950 1.028635 1.026211 1.018745 1.015782
1.474750e+08 1.013608 1.013479 1.010401 1.011112 1.029688 1.027217 1.019814 1.016915
1.475550e+08 1.014436 1.014390 1.011552 1.012256 1.030719 1.028206 1.020864 1.018034
1.476350e+08 1.015244 1.015283 1.012681 1.013379 1.031727 1.029178 1.021895 1.019135
1.477150e+08 1.016030 1.016158 1.013787 1.014481 1.032710 1.030131 1.022904 1.020219
1.477950e+08 1.016794 1.017013 1.014869 1.015560 1.033668 1.031064 1.023890 1.021284
1.478750e+08 1.017533 1.017847 1.015925 1.016616 1.034599 1.031976 1.024854 1.022329
1.479550e+08 1.018249 1.018659 1.016956 1.017647 1.035503 1.032866 1.025792 1.023352
1.480350e+08 1.018938 1.019449 1.017958 1.018652 1.036377 1.033733 1.026705 1.024353
1.481150e+08 1.019602 1.020215 1.018932 1.019630 1.037221 1.034576 1.027592 1.025330
1.481950e+08 1.020238 1.020956 1.019877 1.020581 1.038034 1.035393 1.028451 1.026282
1.482750e+08 1.020846 1.021671 1.020791 1.021504 1.038815 1.036186 1.029282 1.027209
1.483550e+08 1.021426 1.022360 1.021674 1.022397 1.039563 1.036951 1.030084 1.028108
1.484350e+08 1.021976 1.023022 1.022526 1.023261 1.040277 1.037688 1.030855 1.028980
1.485150e+08 1.022497 1.023656 1.023344 1.024093 1.040957 1.038398 1.031596 1.029824
1.485950e+08 1.022986 1.024261 1.024129 1.024894 1.041601 1.039078 1.032305 1.030637
1.486750e+08 1.023445 1.024837 1.024880 1.025663 1.042208 1.039728 1.032982 1.031421
1.487550e+08 1.023872 1.025382 1.025595 1.026399 1.042779 1.040347 1.033626 1.032173
1.488350e+08 1.024266 1.025897 1.026276 1.027101 1.043312 1.040935 1.034236 1.032893
1.489150e+08 1.024629 1.026381 1.026920 1.027769 1.043807 1.041491 1.034812 1.033580
1.489950e+08 1.024958 1.026833 1.027529 1.028403 1.044263 1.042015 1.035354 1.034234
1.490750e+08 1.025254 1.027253 1.028100 1.029002 1.044680 1.042506 1.035861 1.034854
1.491550e+08 1.025517 1.027641 1.028634 1.029566 1.045058 1.042963 1.036332 1.035440
1.492350e+08 1.025746 1.027995 1.029131 1.030094 1.045396 1.043386 1.036767 1.035990
1.493150e+08 1.025941 1.028316 1.029590 1.030586 1.045693 1.043775 1.037166 1.036505
1.493950e+08 1.026102 1.028604 1.030010 1.031043 1.045950 1.044130 1.037529 1.036984
1.494750e+08 1.026230 1.028858 1.030393 1.031462 1.046167 1.044450 1.037855 1.037427
1.495550e+08 1.026323 1.029079 1.030738 1.031846 1.046342 1.044734 1.038145 1.037834
1.496350e+08 1.026382 1.029265 1.031044 1.032193 1.046478 1.044983 1.038398 1.038203
1.497150e+08 1.026407 1.029417 1.031312 1.032503 1.046572 1.045197 1.038614 1.038536
1.497950e+08 1.026399 1.029535 1.031543 1.032777 1.046625 1.045375 1.038793 1.038831
1.498750e+08 1.026357 1.029620 1.031735 1.033014 1.046639 1.045518 1.038936 1.039089
1.499550e+08 1.026282 1.029670 1.031889 1.033215 1.046611 1.045625 1.039042 1.039310
1.500350e+08 1.026173 1.029687 1.032006 1.033380 1.046544 1.045697 1.039112 1.039494
1.501150e+08 1.026033 1.029670 1.032085 1.033509 1.046437 1.045733 1.039145 1.039641
1.501950e+08 1.025859 1.029620 1.032128 1.033603 1.046290 1.045734 1.039143 1.039751
1.502750e+08 1.025655 1.029537 1.032134 1.033661 1.046104 1.045701 1.039105 1.039824
1.503550e+08 1.025418 1.029421 1.032104 1.033685 1.045880 1.045632 1.039032 1.039861
1.504350e+08 1.025151 1.029273 1.032039 1.033674 1.045617 1.045529 1.038924 1.039861
1.505150e+08 1.024854 1.029093 1.031939 1.033629 1.045318 1.045392 1.038782 1.039826
1.505950e+08 1.024527 1.028882 1.031804 1.033551 1.044981 1.045221 1.038607 1.039755
1.506750e+08 1.024171 1.028640 1.031636 1.033440 1.044608 1.045017 1.038398 1.039649
1.507550e+08 1.023787 1.028367 1.031435 1.033297 1.044200 1.044781 1.038157 1.039509
1.508350e+08 1.023376 1.028065 1.031202 1.033123 1.043757 1.044512 1.037884 1.039335
1.509150e+08 1.022938 1.027735 1.030937 1.032918 1.043281 1.044211 1.037581 1.039127
1.509950e+08 1.022474 1.027375 1.030642 1.032683 1.042772 1.043880 1.037247 1.038887
1.510750e+08 1.021985 1.026989 1.030318 1.032418 1.042230 1.043518 1.036883 1.038615
1.511550e+08 1.021473 1.026576 1.029965 1.032126 1.041658 1.043127 1.036491 1.038313
1.512350e+08 1.020937 1.026137 1.029584 1.031806 1.041056 1.042707 1.036071 1.037979
1.513150e+08 1.020379 1.025672 1.029177 1.031459 1.040426 1.042258 1.035625 1.037617
1.513950e+08 1.019800 1.025184 1.028744 1.031087 1.039767 1.041783 1.035153 1.037226
1.514750e+08 1.019201 1.024673 1.028286 1.030691 1.039082 1.041281 1.034656 1.036807
1.515550e+08 1.018583 1.024139 1.027806 1.030270 1.038371 1.040754 1.034135 1.036361
1.516350e+08 1.017947 1.023584 1.027303 1.029828 1.037637 1.040202 1.033592 1.035890
1.517150e+08 1.017295 1.023010 1.026780 1.029364 1.036879 1.039627 1.033027 1.035395
1.517950e+08 1.016627 1.022415 1.026237 1.028880 1.036100 1.039029 1.032442 1.034875
1.518750e+08 1.015944 1.021803 1.025675 1.028377 1.035301 1.038410 1.031838 1.034334
1.519550e+08 1.015249 1.021174 1.025096 1.027856 1.034483 1.037770 1.031215 1.033771
1.520350e+08 1.014541 1.020530 1.024502 1.027318 1.033647 1.037110 1.030576 1.033188
1.521150e+08 1.013823 1.019870 1.023892 1.026765 1.032794 1.036432 1.029921 1.032586
1.521950e+08 1.013095 1.019197 1.023270 1.026197 1.031927 1.035737 1.029252 1.031967
1.522750e+08 1.012359 1.018512 1.022636 1.025617 1.031047 1.035026 1.028570 1.031331
1.523550e+08 1.011615 1.017816 1.021991 1.025025 1.030155 1.034300 1.027876 1.030680
1.524350e+08 1.010866 1.017110 1.021337 1.024422 1.029252 1.033560 1.027172 1.030015
1.525150e+08 1.010113 1.016396 1.020676 1.023810 1.028340 1.032808 1.026458 1.029338
1.525950e+08 1.009356 1.015674 1.020008 1.023190 1.027420 1.032044 1.025737 1.028649
1.526750e+08 1.008598 1.014946 1.019335 1.022564 1.026494 1.031270 1.025009 1.027950
1.527550e+08 1.007839 1.014213 1.018659 1.021933 1.025564 1.030487 1.024275 1.027243
1.528350e+08 1.007081 1.013476 1.017981 1.021297 1.024631 1.029696 1.023538 1.026529
1.529150e+08 1.006324 1.012737 1.017302 1.020659 1.023695 1.028899 1.022798 1.025808
1.529950e+08 1.005571 1.011998 1.016623 1.020019 1.022760 1.028097 1.022057 1.025083
1.530750e+08 1.004823 1.011258 1.015947 1.019380 1.021826 1.027290 1.021316 1.024355
1.531550e+08 1.004080 1.010520 1.015274 1.018741 1.020894 1.026480 1.020577 1.023625
1.532350e+08 1.003344 1.009784 1.014606 1.018106 1.019967 1.025669 1.019840 1.022895
1.533150e+08 1.002617 1.009053 1.013945 1.017474 1.019045 1.024858 1.019107 1.022165
1.533950e+08 1.001899 1.008327 1.013290 1.016847 1.018130 1.024047 1.018379 1.021438
1.534750e+08 1.001192 1.007607 1.012645 1.016226 1.017223 1.023238 1.017658 1.020714
1.535550e+08 1.000496 1.006895 1.012010 1.015613 1.016326 1.022432 1.016945 1.019994
1.536350e+08 0.999814 1.006191 1.011386 1.015009 1.015440 1.021631 1.016240 1.019281
1.537150e+08 0.999146 1.005498 1.010775 1.014415 1.014567 1.020835 1.015546 1.018575
1.537950e+08 0.998494 1.004815 1.010178 1.013832 1.013707 1.020046 1.014863 1.017878
1.538750e+08 0.997857 1.004145 1.009596 1.013261 1.012863 1.019265 1.014193 1.017190
1.539550e+08 0.997239 1.003489 1.009030 1.012704 1.012034 1.018492 1.013536 1.016514
1.540350e+08 0.996638 1.002847 1.008482 1.012161 1.011223 1.017730 1.012894 1.015849
1.541150e+08 0.996058 1.002220 1.007952 1.011634 1.010430 1.016978 1.012268 1.015198
1.541950e+08 0.995497 1.001610 1.007442 1.011123 1.009657 1.016239 1.011659 1.014562
1.542750e+08 0.994959 1.001018 1.006952 1.010630 1.008905 1.015513 1.011068 1.013941
1.543550e+08 0.994442 1.000444 1.006485 1.010156 1.008175 1.014800 1.010496 1.013336
1.544350e+08 0.993949 0.999890 1.006039 1.009701 1.007468 1.014103 1.009943 1.012750
1.545150e+08 0.993480 0.999356 1.005618 1.009266 1.006784 1.013421 1.009411 1.012181
1.545950e+08 0.993035 0.998843 1.005220 1.008853 1.006125 1.012756 1.008901 1.011633
1.546750e+08 0.992616 0.998352 1.004848 1.008461 1.005492 1.012109 1.008413 1.011105
1.547550e+08 0.992224 0.997884 1.004502 1.008093 1.004886 1.011480 1.007948 1.010598
1.548350e+08 0.991858 0.997440 1.004182 1.007748 1.004306 1.010871 1.007507 1.010113
1.549150e+08 0.991520 0.997021 1.003890 1.007427 1.003755 1.010281 1.007090 1.009651
1.549950e+08 0.991210 0.996626 1.003626 1.007131 1.003232 1.009712 1.006699 1.009213
1.550750e+08 0.990929 0.996257 1.003390 1.006860 1.002738 1.009164 1.006333 1.008800
1.551550e+08 0.990676 0.995914 1.003184 1.006615 1.002274 1.008638 1.005994 1.008411
1.552350e+08 0.990454 0.995598 1.003007 1.006397 1.001841 1.008134 1.005682 1.008047
1.553150e+08 0.990261 0.995309 1.002860 1.006206 1.001438 1.007653 1.005396 1.007710
1.553950e+08 0.990098 0.995048 1.002743 1.006042 1.001066 1.007196 1.005138 1.007400
1.554750e+08 0.989966 0.994815 1.002657 1.005905 1.000726 1.006762 1.004909 1.007116
1.555550e+08 0.989865 0.994610 1.002602 1.005797 1.000418 1.006353 1.004707 1.006860
1.556350e+08 0.989795 0.994434 1.002578 1.005716 1.000142 1.005968 1.004534 1.006631
1.557150e+08 0.989755 0.994287 1.002585 1.005664 0.999897 1.005608 1.004389 1.006430
1.557950e+08 0.989747 0.994170 1.002624 1.005640 0.999686 1.005273 1.004273 1.006258
1.558750e+08 0.989771 0.994081 1.002694 1.005645 0.999506 1.004963 1.004186 1.006114
1.559550e+08 0.989825 0.994023 1.002795 1.005679 0.999359 1.004679 1.004128 1.005998
1.560350e+08 0.989911 0.993993 1.002927 1.005741 0.999244 1.004420 1.004099 1.005911
1.561150e+08 0.990027 0.993993 1.003091 1.005831 0.999162 1.004187 1.004098 1.005852
1.561950e+08 0.990174 0.994023 1.003285 1.005950 0.999111 1.003980 1.004126 1.005822
1.562750e+08 0.990352 0.994082 1.003510 1.006097 0.999092 1.003797 1.004183 1.005820
1.563550e+08 0.990561 0.994171 1.003766 1.006272 0.999104 1.003641 1.004267 1.005847
1.564350e+08 0.990799 0.994288 1.004051 1.006474 0.999148 1.003509 1.004379 1.005901
1.565150e+08 0.991067 0.994434 1.004366 1.006704 0.999222 1.003403 1.004519 1.005983
1.565950e+08 0.991365 0.994609 1.004710 1.006961 0.999327 1.003322 1.004686 1.006092
1.566750e+08 0.991691 0.994812 1.005083 1.007244 0.999461 1.003265 1.004880 1.006228
1.567550e+08 0.992045 0.995043 1.005483 1.007554 0.999624 1.003233 1.005099 1.006391
1.568350e+08 0.992427 0.995301 1.005911 1.007889 0.999816 1.003224 1.005345 1.006580
1.569150e+08 0.992836 0.995586 1.006366 1.008248 1.000035 1.003239 1.005615 1.006795
1.569950e+08 0.993272 0.995898 1.006846 1.008632 1.000282 1.003276 1.005910 1.007034
1.570750e+08 0.993734 0.996235 1.007352 1.009040 1.000555 1.003337 1.006228 1.007298
1.571550e+08 0.994220 0.996597 1.007882 1.009471 1.000853 1.003419 1.006570 1.007585
1.572350e+08 0.994731 0.996984 1.008436 1.009923 1.001176 1.003523 1.006933 1.007895
1.573150e+08 0.995265 0.997395 1.009012 1.010397 1.001523 1.003647 1.007318 1.008228
1.573950e+08 0.995823 0.997829 1.009610 1.010892 1.001892 1.003791 1.007724 1.008582
1.574750e+08 0.996401 0.998285 1.010228 1.011406 1.002283 1.003955 1.008149 1.008956
1.575550e+08 0.997001 0.998763 1.010866 1.011939 1.002695 1.004137 1.008593 1.009350
1.576350e+08 0.997621 0.999261 1.011523 1.012490 1.003126 1.004338 1.009054 1.009762
1.577150e+08 0.998259 0.999779 1.012197 1.013057 1.003576 1.004555 1.009533 1.010192
1.577950e+08 0.998915 1.000316 1.012887 1.013640 1.004043 1.004788 1.010027 1.010639
1.578750e+08 0.999589 1.000871 1.013593 1.014238 1.004527 1.005037 1.010535 1.011102
1.579550e+08 1.000278 1.001443 1.014312 1.014850 1.005025 1.005300 1.011057 1.011579
1.580350e+08 1.000981 1.002031 1.015045 1.015474 1.005537 1.005576 1.011592 1.012070
1.581150e+08 1.001699 1.002633 1.015789 1.016110 1.006061 1.005865 1.012138 1.012573
1.581950e+08 1.002428 1.003249 1.016542 1.016756 1.006597 1.006166 1.012694 1.013087
1.582750e+08 1.003169 1.003879 1.017305 1.017411 1.007142 1.006477 1.013259 1.013611
1.583550e+08 1.003920 1.004519 1.018076 1.018073 1.007696 1.006797 1.013832 1.014144
1.584350e+08 1.004680 1.005170 1.018853 1.018743 1.008257 1.007126 1.014411 1.014684
1.585150e+08 1.005447 1.005831 1.019635 1.019418 1.008824 1.007462 1.014995 1.015231
1.585950e+08 1.006221 1.006500 1.020420 1.020097 1.009395 1.007805 1.015584 1.015783
1.586750e+08 1.007001 1.007175 1.021207 1.020779 1.009969 1.008152 1.016175 1.016339
1.587550e+08 1.007784 1.007857 1.021996 1.021463 1.010545 1.008504 1.016768 1.016897
1.588350e+08 1.008569 1.008543 1.022784 1.022147 1.011121 1.008859 1.017361 1.017457
1.589150e+08 1.009356 1.009232 1.023570 1.022830 1.011696 1.009215 1.017952 1.018016
1.589950e+08 1.010144 1.009923 1.024352 1.023511 1.012268 1.009572 1.018542 1.018574
1.590750e+08 1.010930 1.010616 1.025130 1.024189 1.012836 1.009928 1.019127 1.019130
1.591550e+08 1.011714 1.011308 1.025902 1.024862 1.013399 1.010283 1.019708 1.019681
1.592350e+08 1.012494 1.011998 1.026666 1.025529 1.013955 1.010635 1.020283 1.020228
1.593150e+08 1.013269 1.012686 1.027422 1.026188 1.014503 1.010984 1.020849 1.020767
1.593950e+08 1.014038 1.013370 1.028167 1.026839 1.015041 1.011327 1.021408 1.021299
1.594750e+08 1.014800 1.014048 1.028901 1.027481 1.015568 1.011663 1.021956 1.021822
1.595550e+08 1.015553 1.014720 1.029622 1.028111 1.016082 1.011993 1.022492 1.022334
1.596350e+08 1.016296 1.015384 1.030329 1.028729 1.016583 1.012314 1.023016 1.022834
1.597150e+08 1.017028 1.016040 1.031020 1.029333 1.017069 1.012625 1.023527 1.023322
1.597950e+08 1.017748 1.016685 1.031694 1.029922 1.017539 1.012926 1.024022 1.023795
1.598750e+08 1.018455 1.017319 1.032351 1.030496 1.017991 1.013215 1.024502 1.024253
1.599550e+08 1.019147 1.017941 1.032988 1.031053 1.018425 1.013491 1.024964 1.024695
1.600350e+08 1.019823 1.018549 1.033605 1.031591 1.018838 1.013753 1.025407 1.025118
1.601150e+08 1.020483 1.019142 1.034200 1.032110 1.019230 1.014000 1.025832 1.025523
1.601950e+08 1.021125 1.019720 1.034772 1.032608 1.019600 1.014231 1.026235 1.025908
1.602750e+08 1.021748 1.020281 1.035320 1.033085 1.019946 1.014446 1.026617 1.026272
1.603550e+08 1.022351 1.020824 1.035844 1.033540 1.020268 1.014642 1.026976 1.026613
1.604350e+08 1.022933 1.021348 1.036341 1.033971 1.020564 1.014819 1.027312 1.026932
1.605150e+08 1.023493 1.021853 1.036812 1.034377 1.020833 1.014977 1.027622 1.027226
1.605950e+08 1.024031 1.022336 1.037254 1.034758 1.021075 1.015114 1.027908 1.027496
1.606750e+08 1.024545 1.022798 1.037668 1.035113 1.021288 1.015230 1.028167 1.027739
1.607550e+08 1.025034 1.023237 1.038052 1.035441 1.021472 1.015323 1.028399 1.027956
1.608350e+08 1.025498 1.023652 1.038405 1.035740 1.021625 1.015393 1.028602 1.028144
1.609150e+08 1.025936 1.024044 1.038727 1.036011 1.021748 1.015439 1.028777 1.028305
1.609950e+08 1.026347 1.024410 1.039016 1.036252 1.021838 1.015461 1.028923 1.028436
1.610750e+08 1.026731 1.024750 1.039273 1.036463 1.021896 1.015457 1.029038 1.028537
1.611550e+08 1.027086 1.025063 1.039497 1.036644 1.021921 1.015428 1.029123 1.028608
1.612350e+08 1.027413 1.025349 1.039686 1.036793 1.021912 1.015372 1.029176 1.028648
1.613150e+08 1.027711 1.025608 1.039841 1.036909 1.021869 1.015289 1.029198 1.028656
1.613950e+08 1.027978 1.025837 1.039961 1.036994 1.021791 1.015178 1.029187 1.028632
1.614750e+08 1.028215 1.026038 1.040045 1.037045 1.021678 1.015040 1.029143 1.028575
1.615550e+08 1.028422 1.026209 1.040094 1.037063 1.021529 1.014873 1.029067 1.028485
1.616350e+08 1.028597 1.026351 1.040106 1.037048 1.021345 1.014677 1.028956 1.028361
1.617150e+08 1.028741 1.026462 1.040081 1.036998 1.021124 1.014452 1.028812 1.028204
1.617950e+08 1.028854 1.026542 1.040020 1.036914 1.020867 1.014197 1.028634 1.028013
1.618750e+08 1.028934 1.026591 1.039923 1.036796 1.020573 1.013912 1.028422 1.027788
1.619550e+08 1.028983 1.026609 1.039788 1.036643 1.020243 1.013598 1.028176 1.027529
1.620350e+08 1.028999 1.026595 1.039616 1.036455 1.019875 1.013253 1.027895 1.027235
1.621150e+08 1.028983 1.026549 1.039407 1.036232 1.019472 1.012879 1.027580 1.026907
1.621950e+08 1.028935 1.026472 1.039161 1.035975 1.019031 1.012474 1.027231 1.026544
1.622750e+08 1.028854 1.026363 1.038879 1.035683 1.018555 1.012038 1.026848 1.026147
1.623550e+08 1.028741 1.026222 1.038560 1.035356 1.018042 1.011572 1.026430 1.025716
1.624350e+08 1.028596 1.026050 1.038204 1.034995 1.017493 1.011077 1.025979 1.025251
1.625150e+08 1.028420 1.025845 1.037812 1.034599 1.016908 1.010551 1.025494 1.024753
1.625950e+08 1.028211 1.025609 1.037385 1.034170 1.016288 1.009995 1.024976 1.024221
1.626750e+08 1.027972 1.025342 1.036922 1.033707 1.015633 1.009409 1.024424 1.023656
1.627550e+08 1.027701 1.025043 1.036424 1.033211 1.014944 1.008794 1.023841 1.023058
1.628350e+08 1.027400 1.024714 1.035892 1.032681 1.014221 1.008150 1.023225 1.022428
1.629150e+08 1.027068 1.024354 1.035326 1.032120 1.013464 1.007477 1.022577 1.021766
1.629950e+08 1.026707 1.023964 1.034727 1.031526 1.012675 1.006775 1.021899 1.021073
1.630750e+08 1.026316 1.023544 1.034095 1.030901 1.011853 1.006046 1.021190 1.020350
1.631550e+08 1.025897 1.023095 1.033432 1.030246 1.011001 1.005290 1.020451 1.019596
1.632350e+08 1.025450 1.022618 1.032737 1.029560 1.010118 1.004506 1.019683 1.018814
1.633150e+08 1.024976 1.022112 1.032012 1.028845 1.009205 1.003696 1.018887 1.018003
1.633950e+08 1.024475 1.021578 1.031258 1.028101 1.008263 1.002861 1.018063 1.017164
1.634750e+08 1.023948 1.021018 1.030475 1.027330 1.007294 1.002000 1.017213 1.016299
1.635550e+08 1.023396 1.020432 1.029665 1.026532 1.006298 1.001116 1.016336 1.015407
1.636350e+08 1.022820 1.019820 1.028828 1.025707 1.005276 1.000207 1.015435 1.014491
1.637150e+08 1.022221 1.019184 1.027965 1.024858 1.004229 0.999276 1.014509 1.013550
1.637950e+08 1.021599 1.018524 1.027078 1.023984 1.003158 0.998323 1.013561 1.012587
1.638750e+08 1.020955 1.017841 1.026168 1.023086 1.002065 0.997349 1.012590 1.011601
1.639550e+08 1.020292 1.017136 1.025235 1.022167 1.000950 0.996354 1.011598 1.010594
1.640350e+08 1.019608 1.016410 1.024281 1.021227 0.999815 0.995340 1.010587 1.009568
1.641150e+08 1.018906 1.015664 1.023307 1.020266 0.998661 0.994308 1.009557 1.008523
1.641950e+08 1.018187 1.014899 1.022315 1.019286 0.997490 0.993259 1.008509 1.007460
1.642750e+08 1.017452 1.014116 1.021305 1.018289 0.996302 0.992193 1.007444 1.006381
1.643550e+08 1.016702 1.013316 1.020280 1.017275 0.995099 0.991112 1.006364 1.005287
1.644350e+08 1.015937 1.012500 1.019239 1.016246 0.993882 0.990016 1.005271 1.004179
1.645150e+08 1.015160 1.011670 1.018185 1.015202 0.992652 0.988907 1.004164 1.003058
1.645950e+08 1.014372 1.010826 1.017119 1.014146 0.991412 0.987787 1.003046 1.001926
1.646750e+08 1.013573 1.009970 1.016042 1.013077 0.990162 0.986655 1.001917 1.000783
1.647550e+08 1.012765 1.009102 1.014956 1.011999 0.988904 0.985514 1.000780 0.999632
1.648350e+08 1.011950 1.008225 1.013862 1.010911 0.987639 0.984364 0.999635 0.998474
1.649150e+08 1.011128 1.007339 1.012762 1.009816 0.986369 0.983207 0.998483 0.997310
1.649950e+08 1.010301 1.006446 1.011656 1.008714 0.985095 0.982043 0.997327 0.996140
1.650750e+08 1.009470 1.005546 1.010547 1.007607 0.983818 0.980874 0.996167 0.994968
1.651550e+08 1.008637 1.004642 1.009435 1.006496 0.982541 0.979702 0.995004 0.993794
1.652350e+08 1.007803 1.003734 1.008323 1.005383 0.981264 0.978527 0.993841 0.992618
1.653150e+08 1.006969 1.002824 1.007211 1.004269 0.979989 0.977351 0.992678 0.991444
1.653950e+08 1.006136 1.001913 1.006102 1.003155 0.978717 0.976175 0.991516 0.990272
1.654750e+08 1.005307 1.001003 1.004996 1.002043 0.977451 0.975000 0.990358 0.989103
1.655550e+08 1.004481 1.000094 1.003895 1.000933 0.976191 0.973828 0.989204 0.987939
1.656350e+08 1.003662 0.999189 1.002800 0.999828 0.974939 0.972659 0.988056 0.986782
1.657150e+08 1.002849 0.998288 1.001713 0.998729 0.973696 0.971496 0.986914 0.985632
1.657950e+08 1.002044 0.997393 1.000636 0.997637 0.972464 0.970338 0.985782 0.984491
1.658750e+08 1.001250 0.996505 0.999568 0.996553 0.971244 0.969188 0.984659 0.983360
1.659550e+08 1.000466 0.995625 0.998513 0.995479 0.970038 0.968047 0.983547 0.982240
1.660350e+08 0.999694 0.994755 0.997471 0.994416 0.968846 0.966916 0.982447 0.981134
1.661150e+08 0.998937 0.993896 0.996444 0.993365 0.967671 0.965796 0.981361 0.980041
1.661950e+08 0.998194 0.993050 0.995433 0.992328 0.966514 0.964688 0.980289 0.978964
1.662750e+08 0.997467 0.992218 0.994439 0.991305 0.965375 0.963594 0.979234 0.977904
1.663550e+08 0.996757 0.991400 0.993463 0.990299 0.964257 0.962515 0.978196 0.976861
1.664350e+08 0.996067 0.990598 0.992507 0.989309 0.963160 0.961451 0.977176 0.975837
1.665150e+08 0.995396 0.989814 0.991572 0.988338 0.962086 0.960405 0.976176 0.974833
1.665950e+08 0.994746 0.989049 0.990658 0.987387 0.961036 0.959377 0.975196 0.973850
1.666750e+08 0.994118 0.988304 0.989768 0.986456 0.960011 0.958368 0.974238 0.972890
1.667550e+08 0.993514 0.987579 0.988902 0.985547 0.959012 0.957379 0.973303 0.971953
1.668350e+08 0.992934 0.986877 0.988062 0.984661 0.958041 0.956413 0.972392 0.971040
1.669150e+08 0.992379 0.986198 0.987248 0.983798 0.957098 0.955468 0.971505 0.970152
1.669950e+08 0.991851 0.985544 0.986460 0.982961 0.956184 0.954547 0.970644 0.969291
1.670750e+08 0.991351 0.984915 0.985702 0.982149 0.955300 0.953650 0.969810 0.968457
1.671550e+08 0.990879 0.984313 0.984972 0.981364 0.954448 0.952779 0.969003 0.967651
1.672350e+08 0.990437 0.983738 0.984272 0.980607 0.953628 0.951934 0.968225 0.966873
1.673150e+08 0.990025 0.983192 0.983603 0.979877 0.952841 0.951117 0.967476 0.966126
1.673950e+08 0.989644 0.982675 0.982965 0.979178 0.952088 0.950327 0.966756 0.965408
1.674750e+08 0.989296 0.982188 0.982360 0.978508 0.951369 0.949566 0.966068 0.964722
1.675550e+08 0.988980 0.981733 0.981788 0.977869 0.950686 0.948835 0.965410 0.964067
1.676350e+08 0.988698 0.981310 0.981249 0.977261 0.950038 0.948134 0.964785 0.963444
1.677150e+08 0.988450 0.980920 0.980743 0.976685 0.949427 0.947465 0.964192 0.962854
1.677950e+08 0.988237 0.980563 0.980273 0.976142 0.948853 0.946827 0.963631 0.962297
1.678750e+08 0.988060 0.980241 0.979837 0.975632 0.948316 0.946222 0.963105 0.961774
1.679550e+08 0.987919 0.979953 0.979437 0.975156 0.947817 0.945649 0.962612 0.961285
1.680350e+08 0.987815 0.979701 0.979073 0.974714 0.947357 0.945110 0.962153 0.960831
1.681150e+08 0.987748 0.979486 0.978744 0.974306 0.946936 0.944605 0.961730 0.960411
1.681950e+08 0.987718 0.979307 0.978452 0.973933 0.946553 0.944135 0.961341 0.960026
1.682750e+08 0.987727 0.979165 0.978197 0.973595 0.946209 0.943699 0.960987 0.959676
1.683550e+08 0.987773 0.979061 0.977977 0.973293 0.945905 0.943299 0.960668 0.959362
1.684350e+08 0.987859 0.978995 0.977795 0.973026 0.945641 0.942935 0.960385 0.959083
1.685150e+08 0.987983 0.978968 0.977649 0.972795 0.945416 0.942606 0.960138 0.958840
1.685950e+08 0.988146 0.978979 0.977540 0.972600 0.945231 0.942314 0.959926 0.958631
1.686750e+08 0.988348 0.979029 0.977468 0.972440 0.945085 0.942058 0.959750 0.958459
1.687550e+08 0.988590 0.979119 0.977432 0.972317 0.944978 0.941839 0.959609 0.958321
1.688350e+08 0.988871 0.979248 0.977432 0.972229 0.944911 0.941656 0.959504 0.958219
1.689150e+08 0.989191 0.979416 0.977469 0.972178 0.944884 0.941511 0.959434 0.958152
1.689950e+08 0.989551 0.979624 0.977541 0.972161 0.944895 0.941402 0.959399 0.958119
1.690750e+08 0.989950 0.979871 0.977648 0.972181 0.944944 0.941330 0.959399 0.958120
1.691550e+08 0.990387 0.980158 0.977791 0.972235 0.945032 0.941295 0.959434 0.958156
1.692350e+08 0.990864 0.980485 0.977968 0.972325 0.945158 0.941297 0.959503 0.958225
1.693150e+08 0.991379 0.980851 0.978179 0.972449 0.945322 0.941335 0.959605 0.958327
1.693950e+08 0.991932 0.981256 0.978424 0.972607 0.945522 0.941410 0.959741 0.958462
1.694750e+08 0.992523 0.981700 0.978702 0.972799 0.945758 0.941521 0.959910 0.958629
1.695550e+08 0.993152 0.982183 0.979012 0.973024 0.946031 0.941668 0.960111 0.958828
1.696350e+08 0.993818 0.982705 0.979354 0.973283 0.946338 0.941850 0.960345 0.959057
