   1.6715501e+08	       0.0000000	       0.0000000	       0.0000000	       0.0000000	       0.0000000	       0.0000000	       0.0000000	       0.0000000	
   1.6723501e+08	       1.0516105	       1.0498109	       1.0850345	       1.0905256	       1.1208719	       1.1300524	       1.1184976	       1.1210411	
   1.6731501e+08	       1.0704605	       1.0666552	       1.1024884	       1.1110116	       1.1393290	       1.1472803	       1.1355679	       1.1396881	
   1.6739501e+08	       1.0696292	       1.0700822	       1.1046266	       1.1075191	       1.1429286	       1.1472040	       1.1378185	       1.1326783	
   1.6747501e+08	       1.0698413	       1.0677738	       1.1006613	       1.1073276	       1.1389266	       1.1429543	       1.1331577	       1.1376407	
   1.6755501e+08	       1.0680197	       1.0662141	       1.1016919	       1.1076201	       1.1388966	       1.1441092	       1.1304943	       1.1322197	
   1.6763501e+08	       1.0677403	       1.0671621	       1.1007032	       1.1081415	       1.1403992	       1.1425988	       1.1320441	       1.1346285	
   1.6771501e+08	       1.0698641	       1.0684311	       1.0966860	       1.1078089	       1.1368997	       1.1411905	       1.1314282	       1.1302250	
   1.6779501e+08	       1.0690826	       1.0695514	       1.1002304	       1.1070495	       1.1372342	       1.1436217	       1.1380105	       1.1379656	
   1.6787501e+08	       1.0687470	       1.0662380	       1.1008803	       1.1081464	       1.1377683	       1.1376242	       1.1269131	       1.1300703	
   1.6795501e+08	       1.0702526	       1.0672370	       1.1042806	       1.1060843	       1.1344298	       1.1424459	       1.1327568	       1.1293539	
   1.6803501e+08	       1.0733029	       1.0687326	       1.1018557	       1.1041424	       1.1342330	       1.1395468	       1.1316465	       1.1330923	
   1.6811501e+08	       1.0693091	       1.0673557	       1.1048187	       1.1053331	       1.1323566	       1.1358737	       1.1268820	       1.1293501	
   1.6819501e+08	       1.0729272	       1.0627450	       1.0985518	       1.1020030	       1.1292381	       1.1359249	       1.1263025	       1.1236450	
   1.6827501e+08	       1.0551631	       1.0508955	       1.0820409	       1.0874375	       1.1170358	       1.1189040	       1.1100270	       1.1044334	
   1.6835501e+08	       0.0000000	       0.0000000	       0.0000000	       0.0000000	       0.0000000	       0.0000000	       0.0000000	       0.0000000	
   1.6843501e+08	       0.0000000	       0.0000000	       0.0000000	       0.0000000	       0.0000000	       0.0000000	       0.0000000	       0.0000000	
   1.6851501e+08	       1.0523632	       1.0450707	       1.0735571	       1.0816428	       1.1105942	       1.1155147	       1.1062803	       1.1080106	
   1.6859501e+08	       1.0711340	       1.0626640	       1.0938032	       1.0989569	       1.1302647	       1.1361981	       1.1273054	       1.1220977	
   1.6867501e+08	       1.0692046	       1.0652768	       1.0986613	       1.1021335	       1.1320444	       1.1330889	       1.1273385	       1.1267577	
   1.6875501e+08	       1.0680551	       1.0646716	       1.0990731	       1.1004619	       1.1333652	       1.1351449	       1.1201207	       1.1242738	
   1.6883501e+08	       1.0700480	       1.0631481	       1.0963012	       1.1013845	       1.1337092	       1.1310142	       1.1224702	       1.1226063	
   1.6891501e+08	       1.0682681	       1.0634839	       1.0959948	       1.1003880	       1.1326812	       1.1368743	       1.1239274	       1.1157278	
   1.6899501e+08	       1.0660271	       1.0659770	       1.0968565	       1.0987509	       1.1299683	       1.1319581	       1.1247761	       1.1176811	
   1.6907501e+08	       1.0663227	       1.0685860	       1.0929765	       1.0974215	       1.1325478	       1.1327580	       1.1247619	       1.1214688	
   1.6915501e+08	       1.0710010	       1.0664855	       1.0931284	       1.0971396	       1.1320950	       1.1313102	       1.1181027	       1.1200201	
   1.6923501e+08	       1.0717079	       1.0676945	       1.0910069	       1.0999372	       1.1340369	       1.1288100	       1.1208096	       1.1152645	
   1.6931501e+08	       1.0702081	       1.0664575	       1.0931153	       1.0958366	       1.1316951	       1.1307148	       1.1187551	       1.1175841	
   1.6939501e+08	       1.0708818	       1.0673263	       1.0958677	       1.0976411	       1.1321318	       1.1310939	       1.1191958	       1.1226884	
   1.6947501e+08	       1.0743568	       1.0670119	       1.0974481	       1.1007188	       1.1299179	       1.1292140	       1.1189715	       1.1238461	
   1.6955501e+08	       1.0577524	       1.0524531	       1.0820401	       1.0820333	       1.1139900	       1.1170822	       1.1040252	       1.1113075	
   1.6963501e+08	       0.0000000	       0.0000000	       0.0000000	       0.0000000	       0.0000000	       0.0000000	       0.0000000	       0.0000000	
   1.6971501e+08	       0.0000000	       0.0000000	       0.0000000	       0.0000000	       0.0000000	       0.0000000	       0.0000000	       0.0000000	
   1.6979501e+08	       1.0539390	       1.0490458	       1.0811974	       1.0823255	       1.1100329	       1.1119465	       1.0981102	       1.1005383	
   1.6987501e+08	       1.0716913	       1.0634255	       1.0977368	       1.1003839	       1.1297367	       1.1282358	       1.1185344	       1.1241942	
   1.6995501e+08	       1.0709476	       1.0653435	       1.0972022	       1.1010238	       1.1298093	       1.1300810	       1.1235307	       1.1245600	
   1.7003501e+08	       1.0674508	       1.0681752	       1.0996830	       1.0998423	       1.1287737	       1.1283651	       1.1225661	       1.1173482	
   1.7011501e+08	       1.0715132	       1.0681558	       1.0961144	       1.0956428	       1.1269360	       1.1279378	       1.1251946	       1.1215730	
   1.7019501e+08	       1.0692148	       1.0686131	       1.0987079	       1.1022385	       1.1268748	       1.1306217	       1.1182627	       1.1181622	
   1.7027501e+08	       1.0696818	       1.0684785	       1.1015559	       1.1003168	       1.1274738	       1.1285706	       1.1208436	       1.1191953	
   1.7035501e+08	       1.0724466	       1.0706530	       1.1051827	       1.1056650	       1.1281574	       1.1320166	       1.1226239	       1.1247256	
   1.7043501e+08	       1.0711360	       1.0709666	       1.1040112	       1.1000842	       1.1264414	       1.1286404	       1.1206615	       1.1197238	
   1.7051501e+08	       1.0734311	       1.0712963	       1.1034833	       1.1007896	       1.1288612	       1.1262336	       1.1226863	       1.1208375	
   1.7059501e+08	       1.0739394	       1.0728149	       1.1007793	       1.1008560	       1.1299705	       1.1268796	       1.1173239	       1.1234428	
   1.7067501e+08	       1.0761393	       1.0725205	       1.1004181	       1.0983311	       1.1278999	       1.1276333	       1.1225055	       1.1215709	
   1.7075501e+08	       1.0766930	       1.0771086	       1.0990914	       1.0993495	       1.1269689	       1.1285518	       1.1198630	       1.1208802	
   1.7083501e+08	       1.0624895	       1.0603416	       1.0779922	       1.0848196	       1.1133341	       1.1128467	       1.1067458	       1.1062858	
   1.7091501e+08	       0.0000000	       0.0000000	       0.0000000	       0.0000000	       0.0000000	       0.0000000	       0.0000000	       0.0000000	
   1.7099501e+08	       0.0000000	       0.0000000	       0.0000000	       0.0000000	       0.0000000	       0.0000000	       0.0000000	       0.0000000	
   1.7107501e+08	       1.0625239	       1.0598127	       1.0815713	       1.0795770	       1.1105335	       1.1097660	       1.1002502	       1.1048243	
   1.7115501e+08	       1.0829132	       1.0804990	       1.1010371	       1.1039069	       1.1303199	       1.1263289	       1.1231023	       1.1249426	
   1.7123501e+08	       1.0830987	       1.0773106	       1.1024158	       1.1036997	       1.1295693	       1.1303391	       1.1200678	       1.1196374	
   1.7131501e+08	       1.0815455	       1.0808220	       1.1039206	       1.1047145	       1.1302084	       1.1268115	       1.1234264	       1.1215001	
   1.7139501e+08	       1.0799945	       1.0779200	       1.1034661	       1.1008403	       1.1261049	       1.1300125	       1.1219089	       1.1158841	
   1.7147501e+08	       1.0809615	       1.0790325	       1.1018864	       1.1037345	       1.1277707	       1.1253343	       1.1269515	       1.1180223	
   1.7155501e+08	       1.0787798	       1.0814419	       1.1018423	       1.1037509	       1.1258726	       1.1250315	       1.1271530	       1.1233412	
   1.7163501e+08	       1.0806270	       1.0799193	       1.0984865	       1.1012930	       1.1231826	       1.1253712	       1.1336714	       1.1235034	
   1.7171501e+08	       1.0839627	       1.0813897	       1.0992946	       1.1002073	       1.1260038	       1.1238075	       1.1292567	       1.1238005	
   1.7179501e+08	       1.0819051	       1.0862423	       1.1021558	       1.1013215	       1.1281637	       1.1261120	       1.1258260	       1.1142005	
   1.7187501e+08	       1.0852340	       1.0832754	       1.1047802	       1.1083158	       1.1270147	       1.1244614	       1.1288258	       1.1224624	
   1.7195501e+08	       1.0819454	       1.0831139	       1.1076436	       1.1077892	       1.1272668	       1.1224889	       1.1262381	       1.1176326	
   1.7203501e+08	       1.0839123	       1.0825406	       1.1088020	       1.1078727	       1.1269366	       1.1227452	       1.1258434	       1.1202105	
   1.7211501e+08	       1.0680513	       1.0675586	       1.0929051	       1.0931332	       1.1103189	       1.1071766	       1.1130924	       1.1006195	
   1.7219501e+08	       0.0000000	       0.0000000	       0.0000000	       0.0000000	       0.0000000	       0.0000000	       0.0000000	       0.0000000	
   1.7227501e+08	       0.0000000	       0.0000000	       0.0000000	       0.0000000	       0.0000000	       0.0000000	       0.0000000	       0.0000000	
   1.7235501e+08	       1.0662430	       1.0660198	       1.0866051	       1.0836410	       1.1062709	       1.1067871	       1.1051201	       1.1036396	
   1.7243501e+08	       1.0833145	       1.0799796	       1.1014750	       1.1046165	       1.1265499	       1.1239293	       1.1216266	       1.1212498	
   1.7251501e+08	       1.0843168	       1.0816629	       1.1025349	       1.1060382	       1.1282847	       1.1236102	       1.1260241	       1.1110435	
   1.7259501e+08	       1.0862184	       1.0816445	       1.1067319	       1.1078581	       1.1292266	       1.1240033	       1.1184574	       1.1139524	
   1.7267501e+08	       1.0864298	       1.0803822	       1.1064973	       1.1079401	       1.1280562	       1.1243821	       1.1228454	       1.1155934	
   1.7275501e+08	       1.0888771	       1.0821544	       1.1094695	       1.1101251	       1.1282999	       1.1215797	       1.1180543	       1.1119164	
   1.7283501e+08	       1.0850481	       1.0821138	       1.1111476	       1.1118541	       1.1248311	       1.1218253	       1.1213564	       1.1086384	
   1.7291501e+08	       1.0866562	       1.0871086	       1.1107175	       1.1122493	       1.1236814	       1.1227524	       1.1245036	       1.1133673	
   1.7299501e+08	       1.0856069	       1.0852815	       1.1065045	       1.1087433	       1.1254945	       1.1201347	       1.1167830	       1.1104572	
   1.7307501e+08	       1.0808718	       1.0875499	       1.1066834	       1.1057146	       1.1247612	       1.1172122	       1.1192188	       1.1107059	
   1.7315501e+08	       1.0863685	       1.0867078	       1.1042538	       1.1052607	       1.1268148	       1.1179641	       1.1194986	       1.1113062	
   1.7323501e+08	       1.0871569	       1.0854301	       1.1017484	       1.1057140	       1.1232325	       1.1183567	       1.1186786	       1.1157384	
   1.7331501e+08	       1.0851989	       1.0867387	       1.1001982	       1.1056702	       1.1215817	       1.1175665	       1.1169011	       1.1067664	
   1.7339501e+08	       1.0723635	       1.0723005	       1.0863019	       1.0926244	       1.1070541	       1.1054596	       1.0948310	       1.0910291	
   1.7347501e+08	       0.0000000	       0.0000000	       0.0000000	       0.0000000	       0.0000000	       0.0000000	       0.0000000	       0.0000000	
   1.7355501e+08	       0.0000000	       0.0000000	       0.0000000	       0.0000000	       0.0000000	       0.0000000	       0.0000000	       0.0000000	
   1.7363501e+08	       1.0687866	       1.0673384	       1.0875619	       1.0890133	       1.1053126	       1.0974841	       1.0958003	       1.0851829	
   1.7371501e+08	       1.0872199	       1.0838020	       1.1082985	       1.1064066	       1.1184413	       1.1154771	       1.1117463	       1.1105302	
   1.7379501e+08	       1.0882609	       1.0842572	       1.1057479	       1.1062229	       1.1197337	       1.1180334	       1.1191928	       1.1118558	
   1.7387501e+08	       1.0867375	       1.0830912	       1.1027449	       1.1032720	       1.1191760	       1.1174025	       1.1175465	       1.1100262	
   1.7395501e+08	       1.0834030	       1.0806899	       1.0980784	       1.1009997	       1.1182847	       1.1153074	       1.1189975	       1.1181842	
   1.7403501e+08	       1.0821566	       1.0839530	       1.0970741	       1.1001698	       1.1184522	       1.1155616	       1.1160709	       1.1105564	
   1.7411501e+08	       1.0818845	       1.0813901	       1.0971835	       1.0997079	       1.1229005	       1.1136285	       1.1138344	       1.1106246	
   1.7419501e+08	       1.0822270	       1.0853750	       1.0936786	       1.0986019	       1.1255461	       1.1141323	       1.1193405	       1.1093037	
   1.7427501e+08	       1.0790151	       1.0822610	       1.0983173	       1.0999809	       1.1185836	       1.1129904	       1.1179884	       1.1102874	
   1.7435501e+08	       1.0842859	       1.0863592	       1.0982072	       1.0990679	       1.1191107	       1.1126090	       1.1210538	       1.1141760	
   1.7443501e+08	       1.0805836	       1.0868292	       1.0981326	       1.0970998	       1.1170211	       1.1123853	       1.1169352	       1.1034937	
   1.7451501e+08	       1.0809291	       1.0883588	       1.0972875	       1.0968154	       1.1150488	       1.1101610	       1.1149372	       1.1068799	
   1.7459501e+08	       1.0823677	       1.0835454	       1.0985860	       1.0946255	       1.1149460	       1.1064565	       1.1123641	       1.1020057	
   1.7467501e+08	       1.0627309	       1.0711491	       1.0766223	       1.0753784	       1.0986261	       1.0923081	       1.0972619	       1.0902210	
   1.7475501e+08	       0.0000000	       0.0000000	       0.0000000	       0.0000000	       0.0000000	       0.0000000	       0.0000000	       0.0000000	
   1.7483501e+08	       0.0000000	       0.0000000	       0.0000000	       0.0000000	       0.0000000	       0.0000000	       0.0000000	       0.0000000	
   1.7491501e+08	       1.0627054	       1.0626463	       1.0682989	       1.0688015	       1.0887090	       1.0885048	       1.0898871	       1.0780494	
   1.7499501e+08	       1.0776046	       1.0794717	       1.0881102	       1.0903147	       1.1081028	       1.1013677	       1.1045896	       1.0999138	
   1.7507501e+08	       1.0809465	       1.0778730	       1.0874687	       1.0936483	       1.1098652	       1.1011064	       1.1047801	       1.0995429	
   1.7515501e+08	       1.0789189	       1.0789872	       1.0913156	       1.0945853	       1.1075094	       1.0999103	       1.1070910	       1.1000466	
   1.7523501e+08	       1.0780783	       1.0755495	       1.0886661	       1.0923177	       1.1066994	       1.0994134	       1.1057873	       1.1021934	
   1.7531501e+08	       1.0771843	       1.0741226	       1.0931133	       1.0923001	       1.1034133	       1.0976301	       1.1035828	       1.0976939	
   1.7539501e+08	       1.0758211	       1.0717815	       1.0899074	       1.0892279	       1.1015596	       1.0971813	       1.1046961	       1.0974064	
   1.7547501e+08	       1.0746694	       1.0770117	       1.0887798	       1.0887734	       1.1032151	       1.0976217	       1.1075254	       1.1096514	
   1.7555501e+08	       1.0756300	       1.0755276	       1.0839389	       1.0869863	       1.1000010	       1.0929849	       1.0951149	       1.0988821	
   1.7563501e+08	       1.0734341	       1.0737581	       1.0827855	       1.0849588	       1.1007015	       1.0917538	       1.0990567	       1.1021439	
   1.7571501e+08	       1.0708627	       1.0731855	       1.0814563	       1.0831257	       1.0980945	       1.0900332	       1.1022595	       1.1009745	
   1.7579501e+08	       1.0709322	       1.0751066	       1.0814029	       1.0822288	       1.0974388	       1.0889451	       1.0963927	       1.1025366	
   1.7587501e+08	       1.0706778	       1.0763422	       1.0793480	       1.0818368	       1.0964308	       1.0894352	       1.0988737	       1.0975972	
   1.7595501e+08	       1.0542526	       1.0582685	       1.0707268	       1.0674485	       1.0790562	       1.0730756	       1.0854262	       1.0840969	
   1.7603501e+08	       0.0000000	       0.0000000	       0.0000000	       0.0000000	       0.0000000	       0.0000000	       0.0000000	       0.0000000	
   1.7611501e+08	       0.0000000	       0.0000000	       0.0000000	       0.0000000	       0.0000000	       0.0000000	       0.0000000	       0.0000000	
   1.7619501e+08	       1.0471171	       1.0473104	       1.0619616	       1.0595158	       1.0755865	       1.0673414	       1.0746535	       1.0797501	
   1.7627501e+08	       1.0665501	       1.0653969	       1.0796319	       1.0779960	       1.0890222	       1.0841423	       1.0933757	       1.0941037	
   1.7635501e+08	       1.0643926	       1.0651222	       1.0777943	       1.0782952	       1.0885754	       1.0830027	       1.0927749	       1.0952039	
   1.7643501e+08	       1.0651928	       1.0600621	       1.0730332	       1.0761028	       1.0868096	       1.0799861	       1.0861683	       1.0890518	
   1.7651501e+08	       1.0631947	       1.0586429	       1.0733936	       1.0768179	       1.0831186	       1.0804060	       1.0783113	       1.0816800	
   1.7659501e+08	       1.0605759	       1.0609240	       1.0727661	       1.0754770	       1.0855671	       1.0780727	       1.0824547	       1.0820480	
   1.7667501e+08	       1.0567946	       1.0577644	       1.0709228	       1.0745784	       1.0842871	       1.0752122	       1.0795800	       1.0829275	
   1.7675501e+08	       1.0572839	       1.0586607	       1.0758115	       1.0759367	       1.0842449	       1.0743167	       1.0731826	       1.0794220	
   1.7683501e+08	       1.0580175	       1.0575208	       1.0742974	       1.0722246	       1.0814134	       1.0752466	       1.0732557	       1.0763276	
   1.7691501e+08	       1.0543087	       1.0591448	       1.0738535	       1.0685315	       1.0815596	       1.0701520	       1.0714995	       1.0735302	
   1.7699501e+08	       1.0553402	       1.0566994	       1.0736387	       1.0696260	       1.0788293	       1.0699433	       1.0720452	       1.0755512	
   1.7707501e+08	       1.0567802	       1.0550725	       1.0686645	       1.0634628	       1.0739304	       1.0693326	       1.0760446	       1.0791582	
   1.7715501e+08	       1.0555385	       1.0577568	       1.0638737	       1.0608699	       1.0707674	       1.0654549	       1.0756911	       1.0717327	
   1.7723501e+08	       1.0374428	       1.0386531	       1.0473572	       1.0466219	       1.0572603	       1.0508857	       1.0612089	       1.0548306	
   1.7731501e+08	       0.0000000	       0.0000000	       0.0000000	       0.0000000	       0.0000000	       0.0000000	       0.0000000	       0.0000000	
   1.7739501e+08	       0.0000000	       0.0000000	       0.0000000	       0.0000000	       0.0000000	       0.0000000	       0.0000000	       0.0000000	
   1.7747501e+08	       1.0327004	       1.0331092	       1.0400484	       1.0406571	       1.0480122	       1.0394768	       1.0462388	       1.0522135	
   1.7755501e+08	       1.0501254	       1.0469123	       1.0617799	       1.0588263	       1.0644899	       1.0569734	       1.0649275	       1.0664841	
   1.7763501e+08	       1.0493046	       1.0464170	       1.0631376	       1.0584914	       1.0611209	       1.0558080	       1.0661567	       1.0625894	
   1.7771501e+08	       1.0485802	       1.0445270	       1.0607163	       1.0583571	       1.0599341	       1.0564717	       1.0657842	       1.0625255	
   1.7779501e+08	       1.0490316	       1.0451438	       1.0614123	       1.0570374	       1.0585466	       1.0501536	       1.0627853	       1.0676889	
   1.7787501e+08	       1.0483713	       1.0442626	       1.0604237	       1.0578617	       1.0599698	       1.0505557	       1.0664879	       1.0587641	
   1.7795501e+08	       1.0467547	       1.0415166	       1.0568083	       1.0527016	       1.0545925	       1.0487196	       1.0587238	       1.0588572	
   1.7803501e+08	       1.0412783	       1.0440487	       1.0545718	       1.0507793	       1.0530139	       1.0487798	       1.0663766	       1.0601712	
   1.7811501e+08	       1.0425584	       1.0395265	       1.0497503	       1.0475075	       1.0508779	       1.0468473	       1.0601259	       1.0585332	
   1.7819501e+08	       1.0408154	       1.0414887	       1.0506052	       1.0489499	       1.0487973	       1.0451287	       1.0545902	       1.0608148	
   1.7827501e+08	       1.0409827	       1.0413909	       1.0500976	       1.0490544	       1.0504216	       1.0426162	       1.0542735	       1.0561743	
   1.7835501e+08	       1.0392112	       1.0401533	       1.0523716	       1.0455328	       1.0490336	       1.0428783	       1.0496147	       1.0467285	
   1.7843501e+08	       1.0403356	       1.0413011	       1.0507831	       1.0450767	       1.0454582	       1.0396734	       1.0565420	       1.0507225	
   1.7851501e+08	       1.0236844	       1.0261206	       1.0347034	       1.0268693	       1.0339765	       1.0249195	       1.0384144	       1.0385344	
   1.7859501e+08	       0.0000000	       0.0000000	       0.0000000	       0.0000000	       0.0000000	       0.0000000	       0.0000000	       0.0000000	
   1.7867501e+08	       0.0000000	       0.0000000	       0.0000000	       0.0000000	       0.0000000	       0.0000000	       0.0000000	       0.0000000	
   1.7875501e+08	       1.0214403	       1.0164217	       1.0209775	       1.0180107	       1.0250616	       1.0192379	       1.0238765	       1.0274397	
   1.7883501e+08	       1.0349171	       1.0338916	       1.0373405	       1.0363720	       1.0422202	       1.0354123	       1.0480933	       1.0443315	
   1.7891501e+08	       1.0332576	       1.0354488	       1.0378355	       1.0347617	       1.0430864	       1.0353462	       1.0478371	       1.0453827	
   1.7899501e+08	       1.0360221	       1.0312425	       1.0397529	       1.0371163	       1.0396595	       1.0378121	       1.0457247	       1.0478876	
   1.7907501e+08	       1.0316137	       1.0280516	       1.0396414	       1.0353967	       1.0400935	       1.0325374	       1.0464735	       1.0423264	
   1.7915501e+08	       1.0287292	       1.0267267	       1.0420409	       1.0346519	       1.0394340	       1.0356789	       1.0493061	       1.0500533	
   1.7923501e+08	       1.0312073	       1.0270595	       1.0423682	       1.0376268	       1.0384220	       1.0332003	       1.0446101	       1.0438458	
   1.7931501e+08	       1.0241286	       1.0240874	       1.0418153	       1.0325888	       1.0406124	       1.0360330	       1.0450935	       1.0415060	
   1.7939501e+08	       1.0252098	       1.0260759	       1.0406190	       1.0340089	       1.0383019	       1.0340684	       1.0480841	       1.0419624	
   1.7947501e+08	       1.0247532	       1.0261607	       1.0374617	       1.0317013	       1.0391444	       1.0329672	       1.0440598	       1.0420267	
   1.7955501e+08	       1.0255707	       1.0248966	       1.0331223	       1.0304609	       1.0396656	       1.0311194	       1.0464182	       1.0374475	
   1.7963501e+08	       1.0257339	       1.0276122	       1.0300327	       1.0292409	       1.0406286	       1.0307002	       1.0383306	       1.0375492	
   1.7971501e+08	       1.0264487	       1.0295766	       1.0297487	       1.0295294	       1.0365347	       1.0304182	       1.0359078	       1.0346155	
   1.7979501e+08	       1.0112836	       1.0130426	       1.0153190	       1.0130683	       1.0210319	       1.0157926	       1.0182903	       1.0212855	
   1.7987501e+08	       0.0000000	       0.0000000	       0.0000000	       0.0000000	       0.0000000	       0.0000000	       0.0000000	       0.0000000	
   1.7995501e+08	       0.0000000	       0.0000000	       0.0000000	       0.0000000	       0.0000000	       0.0000000	       0.0000000	       0.0000000	
   1.8003501e+08	       1.0080929	       1.0065304	       1.0127604	       1.0084988	       1.0101345	       1.0095990	       1.0076699	       1.0085567	
   1.8011501e+08	       1.0247232	       1.0252487	       1.0324680	       1.0265332	       1.0283412	       1.0271024	       1.0235595	       1.0288365	
   1.8019501e+08	       1.0288744	       1.0239544	       1.0331158	       1.0292847	       1.0301239	       1.0275366	       1.0258552	       1.0312512	
   1.8027501e+08	       1.0259719	       1.0249313	       1.0301682	       1.0279770	       1.0292201	       1.0251451	       1.0213290	       1.0318729	
   1.8035501e+08	       1.0227101	       1.0213181	       1.0271700	       1.0245957	       1.0272667	       1.0259412	       1.0194593	       1.0292888	
   1.8043501e+08	       1.0229036	       1.0214883	       1.0279828	       1.0240683	       1.0261795	       1.0237641	       1.0224016	       1.0222257	
   1.8051501e+08	       1.0204198	       1.0217861	       1.0238659	       1.0254363	       1.0250668	       1.0215006	       1.0238178	       1.0236380	
   1.8059501e+08	       1.0200386	       1.0175600	       1.0230306	       1.0249130	       1.0219662	       1.0190900	       1.0232681	       1.0305270	
   1.8067501e+08	       1.0211548	       1.0203053	       1.0220522	       1.0250943	       1.0204178	       1.0207620	       1.0212224	       1.0267307	
   1.8075501e+08	       1.0203988	       1.0208679	       1.0231031	       1.0275590	       1.0176938	       1.0173605	       1.0214497	       1.0214539	
   1.8083501e+08	       1.0208774	       1.0217433	       1.0290618	       1.0259973	       1.0167578	       1.0171225	       1.0191872	       1.0189818	
   1.8091501e+08	       1.0208181	       1.0242782	       1.0283993	       1.0269603	       1.0142460	       1.0165155	       1.0239410	       1.0211065	
   1.8099501e+08	       1.0191570	       1.0238760	       1.0263392	       1.0249228	       1.0148743	       1.0159361	       1.0231242	       1.0153130	
   1.8107501e+08	       1.0062416	       1.0098039	       1.0106533	       1.0086754	       1.0011405	       1.0035308	       1.0050878	       1.0066406	
   1.8115501e+08	       0.0000000	       0.0000000	       0.0000000	       0.0000000	       0.0000000	       0.0000000	       0.0000000	       0.0000000	
   1.8123501e+08	       0.0000000	       0.0000000	       0.0000000	       0.0000000	       0.0000000	       0.0000000	       0.0000000	       0.0000000	
   1.8131501e+08	       1.0039458	       1.0058080	      0.99948190	       1.0019324	      0.99387011	      0.99893777	       1.0013032	       1.0005922	
   1.8139501e+08	       1.0230764	       1.0223915	       1.0194264	       1.0234652	       1.0104318	       1.0135873	       1.0169677	       1.0174893	
   1.8147501e+08	       1.0205236	       1.0224852	       1.0237879	       1.0242062	       1.0105459	       1.0155671	       1.0198745	       1.0184897	
   1.8155501e+08	       1.0247877	       1.0205300	       1.0245907	       1.0260805	       1.0103256	       1.0141142	       1.0160186	       1.0176636	
   1.8163501e+08	       1.0199713	       1.0204069	       1.0292977	       1.0267934	       1.0071689	       1.0109570	       1.0196746	       1.0177118	
   1.8171501e+08	       1.0192118	       1.0165550	       1.0310527	       1.0261499	       1.0051043	       1.0136590	       1.0179587	       1.0199443	
   1.8179501e+08	       1.0201024	       1.0158418	       1.0268442	       1.0236027	       1.0096402	       1.0115181	       1.0165257	       1.0198424	
   1.8187501e+08	       1.0165213	       1.0154055	       1.0270156	       1.0247210	       1.0086837	       1.0125600	       1.0211475	       1.0162443	
   1.8195501e+08	       1.0189157	       1.0152115	       1.0243140	       1.0234382	       1.0049246	       1.0132138	       1.0167415	       1.0148058	
   1.8203501e+08	       1.0154047	       1.0165294	       1.0199832	       1.0189819	       1.0091771	       1.0134366	       1.0171650	       1.0161235	
   1.8211501e+08	       1.0159155	       1.0164123	       1.0176806	       1.0174632	       1.0066016	       1.0143699	       1.0093175	       1.0162881	
   1.8219501e+08	       1.0156635	       1.0193826	       1.0178806	       1.0155626	       1.0065230	       1.0119135	       1.0145164	       1.0136836	
   1.8227501e+08	       1.0160021	       1.0186691	       1.0188460	       1.0147496	       1.0062949	       1.0081498	       1.0103303	       1.0119489	
   1.8235501e+08	       1.0047730	       1.0058252	       1.0057894	       1.0031492	      0.99294696	      0.99555929	      0.99796647	      0.99663494	
   1.8243501e+08	       0.0000000	       0.0000000	       0.0000000	       0.0000000	       0.0000000	       0.0000000	       0.0000000	       0.0000000	
   1.8251501e+08	       0.0000000	       0.0000000	       0.0000000	       0.0000000	       0.0000000	       0.0000000	       0.0000000	       0.0000000	
   1.8259501e+08	       1.0059484	       1.0017288	       1.0064774	       1.0009770	      0.98134608	      0.99045362	      0.99004077	      0.99491583	
   1.8267501e+08	       1.0248730	       1.0221749	       1.0221988	       1.0180374	       1.0011110	       1.0054958	       1.0090588	       1.0106291	
   1.8275501e+08	       1.0250190	       1.0213526	       1.0227988	       1.0166181	      0.99914714	       1.0072482	       1.0135047	       1.0061510	
   1.8283501e+08	       1.0236015	       1.0202714	       1.0191452	       1.0154486	       1.0000911	       1.0071779	       1.0079647	       1.0090651	
   1.8291501e+08	       1.0236979	       1.0181025	       1.0195088	       1.0161475	      0.99720813	       1.0062821	       1.0081102	       1.0121943	
   1.8299501e+08	       1.0211298	       1.0151970	       1.0163521	       1.0201201	      0.99554601	       1.0051278	       1.0087327	       1.0096541	
   1.8307501e+08	       1.0183982	       1.0138985	       1.0205026	       1.0172073	      0.99866596	       1.0047268	       1.0120739	       1.0112903	
   1.8315501e+08	       1.0169391	       1.0128017	       1.0221950	       1.0220472	      0.99880437	       1.0030420	       1.0106752	       1.0099790	
   1.8323501e+08	       1.0149199	       1.0118484	       1.0236309	       1.0194544	      0.99856752	       1.0023972	       1.0103821	       1.0085100	
   1.8331501e+08	       1.0176287	       1.0141695	       1.0263895	       1.0185605	      0.99731760	       1.0030339	       1.0071385	       1.0164042	
   1.8339501e+08	       1.0151253	       1.0165522	       1.0251037	       1.0156329	      0.99946117	       1.0023098	       1.0082444	       1.0149322	
   1.8347501e+08	       1.0143739	       1.0183983	       1.0189941	       1.0163046	      0.99972039	       1.0031304	       1.0042081	       1.0118888	
   1.8355501e+08	       1.0152359	       1.0178808	       1.0161343	       1.0125137	      0.99615675	       1.0015708	       1.0048926	       1.0110767	
   1.8363501e+08	       1.0014821	       1.0082106	       1.0033641	      0.99824243	      0.98408649	      0.98787005	      0.99049634	      0.99856687	
   1.8371501e+08	       0.0000000	       0.0000000	       0.0000000	       0.0000000	       0.0000000	       0.0000000	       0.0000000	       0.0000000	
   1.8379501e+08	       0.0000000	       0.0000000	       0.0000000	       0.0000000	       0.0000000	       0.0000000	       0.0000000	       0.0000000	
   1.8387501e+08	       1.0023470	       1.0023885	      0.99657334	      0.99629951	      0.98087500	      0.98598930	      0.97855071	      0.98781475	
   1.8395501e+08	       1.0214369	       1.0215108	       1.0203148	       1.0144801	      0.99827444	      0.99940848	      0.99821438	       1.0031051	
   1.8403501e+08	       1.0221916	       1.0184463	       1.0199085	       1.0148362	      0.99984713	       1.0025437	      0.99873956	       1.0050253	
   1.8411501e+08	       1.0227479	       1.0176079	       1.0221622	       1.0168417	      0.99995907	       1.0024008	      0.99513386	       1.0040413	
   1.8419501e+08	       1.0225976	       1.0169347	       1.0209438	       1.0148794	       1.0025077	       1.0019292	      0.99660277	       1.0017519	
   1.8427501e+08	       1.0201956	       1.0130120	       1.0190891	       1.0126013	      0.99989343	      0.99988138	      0.99642177	       1.0049382	
   1.8435501e+08	       1.0193692	       1.0140364	       1.0174253	       1.0136687	      0.99676312	       1.0017994	      0.99512892	       1.0013688	
   1.8443501e+08	       1.0149643	       1.0110942	       1.0181107	       1.0101871	      0.99802566	      0.99806905	       1.0027679	       1.0070429	
   1.8451501e+08	       1.0138536	       1.0136494	       1.0124290	       1.0138845	      0.99875829	      0.99803596	       1.0025778	       1.0077090	
   1.8459501e+08	       1.0157660	       1.0162018	       1.0128417	       1.0118760	      0.99436384	      0.99941770	       1.0015994	       1.0048867	
   1.8467501e+08	       1.0154088	       1.0149413	       1.0155559	       1.0126900	      0.99719280	      0.99590022	       1.0020257	       1.0019504	
   1.8475501e+08	       1.0151886	       1.0166560	       1.0149882	       1.0152970	      0.99770517	      0.99424383	       1.0015178	       1.0059168	
   1.8483501e+08	       1.0116444	       1.0183244	       1.0175800	       1.0154849	      0.99730356	      0.99434292	      0.99762222	       1.0042162	
   1.8491501e+08	       1.0004356	       1.0046039	       1.0060067	      0.99876932	      0.98320639	      0.98055211	      0.98620123	      0.99070808	
   1.8499501e+08	       0.0000000	       0.0000000	       0.0000000	       0.0000000	       0.0000000	       0.0000000	       0.0000000	       0.0000000	
   1.8507501e+08	       0.0000000	       0.0000000	       0.0000000	       0.0000000	       0.0000000	       0.0000000	       0.0000000	       0.0000000	
   1.8515501e+08	      0.99718351	       1.0004092	      0.99718005	      0.99574205	      0.97766312	      0.97747057	      0.97698355	      0.98251733	
   1.8523501e+08	       1.0182387	       1.0177974	       1.0121814	       1.0131337	      0.99482693	      0.99371241	      0.99614048	      0.99921581	
   1.8531501e+08	       1.0189830	       1.0146471	       1.0122650	       1.0118823	      0.99354794	      0.99382032	      0.99598689	       1.0013656	
   1.8539501e+08	       1.0157864	       1.0147516	       1.0098058	       1.0104768	      0.99514444	      0.99525145	      0.99331448	       1.0010711	
   1.8547501e+08	       1.0141901	       1.0114400	       1.0122983	       1.0107876	      0.99248620	      0.99405007	      0.99876476	      0.99744555	
   1.8555501e+08	       1.0126110	       1.0089140	       1.0120757	       1.0107353	      0.99029137	      0.99344291	      0.99369123	      0.99652904	
   1.8563501e+08	       1.0108722	       1.0067333	       1.0125470	       1.0077128	      0.99245362	      0.99200591	      0.99945223	      0.99668181	
   1.8571501e+08	       1.0070306	       1.0051175	       1.0139425	       1.0094613	      0.99242598	      0.99139384	      0.99637141	      0.99336259	
   1.8579501e+08	       1.0060615	       1.0067012	       1.0113426	       1.0064037	      0.99239070	      0.99141386	      0.99484022	      0.99731504	
   1.8587501e+08	       1.0036892	       1.0048507	       1.0126952	       1.0046013	      0.98797399	      0.98988992	      0.99387581	      0.99371203	
   1.8595501e+08	       1.0026697	       1.0058907	       1.0070448	       1.0042495	      0.98979988	      0.98796774	      0.98677075	      0.99286549	
   1.8603501e+08	       1.0034943	       1.0075602	       1.0034730	       1.0024106	      0.98964746	      0.98637857	      0.99056819	      0.99107883	
   1.8611501e+08	       1.0043924	       1.0070301	       1.0016517	       1.0021134	      0.98574348	      0.98510785	      0.99060244	      0.99225186	
   1.8619501e+08	      0.99504739	      0.99458278	      0.98573235	      0.98894042	      0.97322439	      0.97163165	      0.96927184	      0.97467954	
   1.8627501e+08	       0.0000000	       0.0000000	       0.0000000	       0.0000000	       0.0000000	       0.0000000	       0.0000000	       0.0000000	
   1.8635501e+08	       0.0000000	       0.0000000	       0.0000000	       0.0000000	       0.0000000	       0.0000000	       0.0000000	       0.0000000	
   1.8643501e+08	      0.99414528	      0.99614730	      0.98683799	      0.98250669	      0.96339640	      0.96700010	      0.96824634	      0.97452629	
   1.8651501e+08	       1.0111105	       1.0141133	       1.0061793	       1.0018079	      0.98352051	      0.98507027	      0.98515744	      0.98982666	
   1.8659501e+08	       1.0121867	       1.0151053	       1.0066761	       1.0003457	      0.98025269	      0.98508342	      0.98844161	      0.99076194	
   1.8667501e+08	       1.0099408	       1.0114353	       1.0052426	       1.0023320	      0.97999178	      0.98262677	      0.98693131	      0.98760124	
   1.8675501e+08	       1.0109919	       1.0102882	       1.0027887	       1.0021571	      0.98099063	      0.98225257	      0.98422701	      0.98259551	
   1.8683501e+08	       1.0081452	       1.0045098	      0.99960837	      0.99772625	      0.98032309	      0.97978815	      0.98487930	      0.98554063	
   1.8691501e+08	       1.0036855	       1.0021170	      0.99508552	      0.99659052	      0.97874058	      0.97987094	      0.98408730	      0.98572281	
   1.8699501e+08	       1.0022214	      0.99837532	      0.99212172	      0.99670455	      0.97750772	      0.97820591	      0.98371734	      0.98700411	
   1.8707501e+08	       1.0011716	       1.0024615	      0.99552789	      0.99575354	      0.97781636	      0.97718105	      0.98080914	      0.98089050	
   1.8715501e+08	      0.99951344	       1.0014266	      0.99563840	      0.99694817	      0.97648196	      0.97448079	      0.97658083	      0.98457456	
   1.8723501e+08	      0.99973320	      0.99932577	      0.99656876	      0.99688572	      0.97547476	      0.97364075	      0.98118733	      0.98181845	
   1.8731501e+08	      0.99798029	      0.99837173	      0.99978237	      0.99674275	      0.97457013	      0.97534799	      0.97337262	      0.97551484	
   1.8739501e+08	      0.99547324	      0.99959561	      0.99640655	      0.99542731	      0.97420090	      0.97066877	      0.97307904	      0.97159335	
   1.8747501e+08	      0.98415469	      0.98760211	      0.98027445	      0.98091673	      0.95928321	      0.95689976	      0.95629406	      0.95642297	
   1.8755501e+08	       0.0000000	       0.0000000	       0.0000000	       0.0000000	       0.0000000	       0.0000000	       0.0000000	       0.0000000	
   1.8763501e+08	       0.0000000	       0.0000000	       0.0000000	       0.0000000	       0.0000000	       0.0000000	       0.0000000	       0.0000000	
   1.8771501e+08	      0.94582049	      0.94890905	      0.91929051	      0.91722147	      0.92289714	      0.91913796	      0.91645556	      0.91159953	
   1.8779501e+08	      0.94745914	      0.94591792	      0.91519664	      0.91143440	      0.92526817	      0.91893962	      0.91805844	      0.91008439	
   1.8787501e+08	      0.94474210	      0.93646521	      0.90827159	      0.90509391	      0.91922609	      0.91340820	      0.90782801	      0.90343680	
   1.8795501e+08	      0.94031688	      0.93472011	      0.90951611	      0.90390328	      0.91578895	      0.91022789	      0.91062691	      0.90294999	
   1.8803501e+08	      0.93949995	      0.93087757	      0.90988059	      0.90440025	      0.91718708	      0.90967327	      0.91044037	      0.90190885	
   1.8811501e+08	      0.93999718	      0.92981255	      0.91037225	      0.90280115	      0.91623986	      0.90795036	      0.90804998	      0.90412269	
   1.8819501e+08	      0.93700558	      0.92906906	      0.90879013	      0.90160076	      0.91118929	      0.90566282	      0.90868999	      0.90620422	
   1.8827501e+08	      0.93361600	      0.92689703	      0.90810718	      0.90720626	      0.91313194	      0.90836755	      0.91015032	      0.90338401	
   1.8835501e+08	      0.93032575	      0.92447177	      0.90410770	      0.90097309	      0.90996157	      0.90517434	      0.90846759	      0.89866393	
   1.8843501e+08	      0.93199934	      0.92251389	      0.90247182	      0.90052284	      0.90971481	      0.90446849	      0.90518614	      0.90001497	
   1.8851501e+08	      0.92993806	      0.92262850	      0.90100451	      0.89935764	      0.90744412	      0.90160635	      0.90808545	      0.90075594	
   1.8859501e+08	      0.92846075	      0.92460382	      0.89867417	      0.89738151	      0.90538002	      0.90225067	      0.90550335	      0.89886678	
   1.8867501e+08	      0.93351237	      0.92860349	      0.90360264	      0.89877931	      0.91032206	      0.90408618	      0.90649952	      0.90297402	
   1.8875501e+08	      0.93351730	      0.93110624	      0.91036525	      0.90626773	      0.90920871	      0.90532183	      0.90813120	      0.90075448	
   1.8883501e+08	       0.0000000	       0.0000000	       0.0000000	       0.0000000	       0.0000000	       0.0000000	       0.0000000	       0.0000000	
   1.8891501e+08	       0.0000000	       0.0000000	       0.0000000	       0.0000000	       0.0000000	       0.0000000	       0.0000000	       0.0000000	
   1.8899501e+08	      0.93069000	      0.93496159	      0.91024802	      0.90698491	      0.90662067	      0.90545325	      0.90684918	      0.90389986	
   1.8907501e+08	      0.93590678	      0.93428847	      0.90963180	      0.90593879	      0.90885241	      0.90567682	      0.90500635	      0.90265480	
   1.8915501e+08	      0.93221325	      0.92813955	      0.89906242	      0.89332749	      0.90199491	      0.89978620	      0.89876021	      0.90016645	
   1.8923501e+08	      0.92997843	      0.92616094	      0.89715725	      0.89489836	      0.90003304	      0.89843826	      0.89792723	      0.89660494	
   1.8931501e+08	      0.93004048	      0.92512584	      0.89502966	      0.89153452	      0.90201505	      0.89836378	      0.90010190	      0.89889607	
   1.8939501e+08	      0.92573564	      0.92214813	      0.89400511	      0.89024926	      0.89813048	      0.89832966	      0.89382054	      0.89476629	
   1.8947501e+08	      0.92569150	      0.91817985	      0.89273892	      0.88980737	      0.89738310	      0.89370695	      0.89361219	      0.89755399	
   1.8955501e+08	      0.92382703	      0.91518587	      0.89563416	      0.89051202	      0.90047200	      0.89518901	      0.89615162	      0.89429464	
   1.8963501e+08	      0.92149029	      0.91310374	      0.89573791	      0.88996381	      0.89425642	      0.89380019	      0.89193395	      0.88996157	
   1.8971501e+08	      0.91894392	      0.91302246	      0.89433844	      0.89100182	      0.89360953	      0.89263680	      0.89292098	      0.89140717	
   1.8979501e+08	      0.91781587	      0.91316135	      0.89387735	      0.88781501	      0.89385800	      0.89033886	      0.89035171	      0.88735608	
   1.8987501e+08	      0.91738037	      0.90973214	      0.89336443	      0.88680877	      0.89420784	      0.88929328	      0.89048108	      0.88531934	
   1.8995501e+08	      0.91795589	      0.91533074	      0.89401712	      0.88814262	      0.89677942	      0.89303134	      0.89564931	      0.89525151	
   1.9003501e+08	      0.91624042	      0.91860331	      0.89791339	      0.89327800	      0.89251765	      0.89347552	      0.89090819	      0.89347339	
   1.9011501e+08	       0.0000000	       0.0000000	       0.0000000	       0.0000000	       0.0000000	       0.0000000	       0.0000000	       0.0000000	
   1.9019501e+08	       0.0000000	       0.0000000	       0.0000000	       0.0000000	       0.0000000	       0.0000000	       0.0000000	       0.0000000	
   1.9027501e+08	      0.91919381	      0.92145481	      0.89242959	      0.89511470	      0.88913367	      0.89171401	      0.89673950	      0.89294772	
   1.9035501e+08	      0.92102464	      0.92530791	      0.89547787	      0.89319408	      0.89364405	      0.89227458	      0.89612716	      0.89581771	
   1.9043501e+08	      0.91686170	      0.91674816	      0.88788278	      0.88851015	      0.88976918	      0.88926052	      0.89165663	      0.88882818	
   1.9051501e+08	      0.91794798	      0.91439342	      0.88989151	      0.88836835	      0.88997942	      0.88802637	      0.89037136	      0.88902804	
   1.9059501e+08	      0.91470042	      0.91198286	      0.88876512	      0.88708487	      0.88774218	      0.89115965	      0.88955949	      0.88921661	
   1.9067501e+08	      0.91288252	      0.90783231	      0.88775012	      0.88722148	      0.88649690	      0.88623804	      0.88822914	      0.88597561	
   1.9075501e+08	      0.91255730	      0.90877625	      0.88778732	      0.88530561	      0.88559697	      0.88643963	      0.88676519	      0.88388985	
   1.9083501e+08	      0.91081472	      0.90240858	      0.88130336	      0.88528218	      0.88321434	      0.88321863	      0.88766030	      0.88568750	
   1.9091501e+08	      0.90638855	      0.90081998	      0.88354330	      0.88179806	      0.88453572	      0.88418708	      0.88590787	      0.87911199	
   1.9099501e+08	      0.90605712	      0.90340841	      0.88060271	      0.88129211	      0.88581582	      0.88299461	      0.88279926	      0.87951400	
   1.9107501e+08	      0.90578209	      0.90134903	      0.88186603	      0.88073423	      0.88200363	      0.88039888	      0.88313975	      0.87956035	
   1.9115501e+08	      0.90280127	      0.90106930	      0.88004708	      0.88046891	      0.88085844	      0.87886949	      0.88212327	      0.87856854	
   1.9123501e+08	      0.90564255	      0.90563545	      0.88530962	      0.88474765	      0.88340806	      0.88369094	      0.88461873	      0.88047276	
   1.9131501e+08	      0.90238549	      0.90444386	      0.88877047	      0.88724504	      0.88073042	      0.88210738	      0.88089465	      0.87899814	
   1.9139501e+08	       0.0000000	       0.0000000	       0.0000000	       0.0000000	       0.0000000	       0.0000000	       0.0000000	       0.0000000	
   1.9147501e+08	       0.0000000	       0.0000000	       0.0000000	       0.0000000	       0.0000000	       0.0000000	       0.0000000	       0.0000000	
   1.9155501e+08	      0.90100943	      0.90622272	      0.88726294	      0.88938222	      0.87749319	      0.87936140	      0.87763336	      0.87579928	
   1.9163501e+08	      0.90716584	      0.91292668	      0.88343645	      0.88919327	      0.88107347	      0.88430548	      0.87607433	      0.88067045	
   1.9171501e+08	      0.90156055	      0.90763318	      0.87741465	      0.88114237	      0.87885355	      0.87891973	      0.87722838	      0.87434525	
   1.9179501e+08	      0.90345376	      0.90687897	      0.87779273	      0.88008851	      0.87487298	      0.87680210	      0.87020243	      0.87248343	
   1.9187501e+08	      0.90023556	      0.90418330	      0.87799747	      0.88201167	      0.87412754	      0.87838930	      0.87450136	      0.86919938	
   1.9195501e+08	      0.90249761	      0.90139714	      0.87921943	      0.88310329	      0.87335724	      0.87740914	      0.87395078	      0.87166688	
   1.9203501e+08	      0.89917838	      0.90054546	      0.87957304	      0.88130823	      0.87363207	      0.87636704	      0.87004099	      0.87293051	
   1.9211501e+08	      0.89864661	      0.89823118	      0.88458322	      0.88278396	      0.87228938	      0.87626630	      0.87488372	      0.86994277	
   1.9219501e+08	      0.89880747	      0.89364415	      0.87953359	      0.88095277	      0.87197472	      0.87268721	      0.86882932	      0.87086868	
   1.9227501e+08	      0.89640754	      0.89068667	      0.87927222	      0.88361200	      0.87230480	      0.87154209	      0.86710745	      0.87181372	
   1.9235501e+08	      0.89333765	      0.89208812	      0.88022161	      0.88023946	      0.86857218	      0.87240429	      0.86944199	      0.87317924	
   1.9243501e+08	      0.89068686	      0.89257450	      0.87590110	      0.87923918	      0.87126791	      0.87256268	      0.87180411	      0.87022840	
   1.9251501e+08	      0.89595077	      0.89812798	      0.87816397	      0.88250086	      0.87102820	      0.87261980	      0.86827892	      0.87272029	
   1.9259501e+08	      0.89346255	      0.89875244	      0.87865045	      0.88461850	      0.86836823	      0.87057388	      0.87146012	      0.87045804	
   1.9267501e+08	       0.0000000	       0.0000000	       0.0000000	       0.0000000	       0.0000000	       0.0000000	       0.0000000	       0.0000000	
   1.9275501e+08	       0.0000000	       0.0000000	       0.0000000	       0.0000000	       0.0000000	       0.0000000	       0.0000000	       0.0000000	
   1.9283501e+08	      0.89552112	      0.90240674	      0.88012571	      0.88770634	      0.86604160	      0.86965341	      0.86865397	      0.86968011	
   1.9291501e+08	      0.89797591	      0.90470958	      0.88184405	      0.88825205	      0.87089638	      0.87222936	      0.87297513	      0.87261749	
   1.9299501e+08	      0.89632173	      0.90440249	      0.87536030	      0.88092022	      0.86661747	      0.86801147	      0.86751850	      0.86755204	
   1.9307501e+08	      0.89768987	      0.90298279	      0.87512422	      0.87969671	      0.86754287	      0.86786202	      0.86678039	      0.86609338	
   1.9315501e+08	      0.89771801	      0.89866193	      0.87558859	      0.88175139	      0.86739579	      0.86793996	      0.86616401	      0.86465384	
   1.9323501e+08	      0.89608877	      0.89707843	      0.87363581	      0.87834591	      0.86732578	      0.86725380	      0.86103552	      0.86619212	
   1.9331501e+08	      0.89811512	      0.89595958	      0.86901980	      0.87563671	      0.86452883	      0.86773182	      0.86417703	      0.86352631	
   1.9339501e+08	      0.89448974	      0.89380652	      0.86801555	      0.87827634	      0.86155545	      0.86496662	      0.86855137	      0.86480392	
   1.9347501e+08	      0.89182412	      0.89231358	      0.87085946	      0.87581159	      0.86218570	      0.86488622	      0.86294788	      0.86363590	
   1.9355501e+08	      0.88805698	      0.89006774	      0.86992687	      0.87651057	      0.86180059	      0.86421661	      0.86185149	      0.86175407	
   1.9363501e+08	      0.89234890	      0.89104942	      0.87030249	      0.87417304	      0.86161506	      0.86674776	      0.85695488	      0.86265963	
   1.9371501e+08	      0.89036027	      0.88763170	      0.87168915	      0.87520156	      0.85973254	      0.86630347	      0.85680918	      0.86022727	
   1.9379501e+08	      0.89155806	      0.89103319	      0.87340781	      0.87677933	      0.86130124	      0.86675774	      0.86763573	      0.86627963	
   1.9387501e+08	      0.88694423	      0.89165769	      0.87681398	      0.87721033	      0.85898565	      0.86545205	      0.86306303	      0.86461922	
   1.9395501e+08	       0.0000000	       0.0000000	       0.0000000	       0.0000000	       0.0000000	       0.0000000	       0.0000000	       0.0000000	
   1.9403501e+08	       0.0000000	       0.0000000	       0.0000000	       0.0000000	       0.0000000	       0.0000000	       0.0000000	       0.0000000	
   1.9411501e+08	      0.88654104	      0.90105676	      0.87000092	      0.88048019	      0.86027019	      0.86713199	      0.86008258	      0.86659922	
   1.9419501e+08	      0.89447064	      0.90393175	      0.87159291	      0.88009142	      0.86544912	      0.87187577	      0.86933561	      0.87009745	
   1.9427501e+08	      0.89438312	      0.89957057	      0.86588161	      0.87508560	      0.86186741	      0.86897780	      0.86888014	      0.86385895	
   1.9435501e+08	      0.89329924	      0.89926868	      0.86881635	      0.87752836	      0.85996997	      0.86515198	      0.86984299	      0.86624142	
   1.9443501e+08	      0.89173256	      0.89833827	      0.87039534	      0.87742732	      0.85936078	      0.86512686	      0.86100050	      0.86715112	
   1.9451501e+08	      0.89166374	      0.89487140	      0.87001168	      0.87556580	      0.85716395	      0.86229454	      0.86589714	      0.86630365	
   1.9459501e+08	      0.88930455	      0.89448802	      0.87304075	      0.87645483	      0.85882218	      0.86394241	      0.86498166	      0.86394633	
   1.9467501e+08	      0.89160375	      0.89172525	      0.87174323	      0.87422031	      0.85652202	      0.86333469	      0.86094723	      0.86677911	
   1.9475501e+08	      0.88901823	      0.89080302	      0.87033731	      0.87473972	      0.85682218	      0.86281779	      0.85478468	      0.86286259	
   1.9483501e+08	      0.88720171	      0.89091904	      0.86519151	      0.87343544	      0.85647998	      0.86188561	      0.86081970	      0.85882064	
   1.9491501e+08	      0.88721613	      0.88960621	      0.86524235	      0.87083538	      0.85584028	      0.86113391	      0.85387909	      0.85918143	
   1.9499501e+08	      0.88459067	      0.88475915	      0.86491253	      0.87178676	      0.85580720	      0.86112303	      0.85512530	      0.85705320	
   1.9507501e+08	      0.88657631	      0.89053998	      0.86946558	      0.87553709	      0.85815380	      0.86237057	      0.85998548	      0.86607583	
   1.9515501e+08	      0.88303739	      0.89026566	      0.87403690	      0.87390142	      0.85272911	      0.86054945	      0.85473932	      0.86328144	
   1.9523501e+08	       0.0000000	       0.0000000	       0.0000000	       0.0000000	       0.0000000	       0.0000000	       0.0000000	       0.0000000	
   1.9531501e+08	       0.0000000	       0.0000000	       0.0000000	       0.0000000	       0.0000000	       0.0000000	       0.0000000	       0.0000000	
   1.9539501e+08	      0.88341837	      0.89784596	      0.87446505	      0.87959349	      0.85086626	      0.86262498	      0.85955916	      0.86029413	
   1.9547501e+08	      0.89106421	      0.90423914	      0.87502615	      0.88179334	      0.85947000	      0.86625582	      0.86146983	      0.87052740	
   1.9555501e+08	      0.88619369	      0.90061713	      0.87082119	      0.87371090	      0.85537483	      0.86136410	      0.85988885	      0.86497639	
   1.9563501e+08	      0.88772378	      0.90036347	      0.86877599	      0.87142885	      0.85288453	      0.86104204	      0.85521791	      0.86135376	
   1.9571501e+08	      0.88867401	      0.89982847	      0.86714139	      0.87066266	      0.85346433	      0.86110379	      0.85748335	      0.85934395	
   1.9579501e+08	      0.88808489	      0.89697922	      0.86616643	      0.86906772	      0.85315836	      0.85970823	      0.86113166	      0.86170718	
   1.9587501e+08	      0.88716001	      0.89688937	      0.86510107	      0.87271478	      0.85371412	      0.85752260	      0.85747536	      0.86318371	
   1.9595501e+08	      0.88978812	      0.89485113	      0.86624982	      0.87278403	      0.85241120	      0.85988734	      0.86147655	      0.86411333	
   1.9603501e+08	      0.88497374	      0.89005583	      0.86778808	      0.87138177	      0.85209417	      0.85783495	      0.85318525	      0.86460792	
   1.9611501e+08	      0.88711619	      0.89062466	      0.86649331	      0.87146592	      0.85075328	      0.85954156	      0.85928075	      0.86092050	
   1.9619501e+08	      0.88325732	      0.88876714	      0.86867264	      0.87240258	      0.85055087	      0.86014317	      0.85679553	      0.85917477	
   1.9627501e+08	      0.88385566	      0.88958682	      0.86778459	      0.87141723	      0.85132744	      0.85786449	      0.85398676	      0.85996649	
   1.9635501e+08	      0.88442169	      0.89269195	      0.87107855	      0.87601886	      0.85323082	      0.85923786	      0.85700720	      0.86183756	
   1.9643501e+08	      0.87897485	      0.88933552	      0.87104191	      0.87552085	      0.84822099	      0.85600186	      0.85681898	      0.86182458	
   1.9651501e+08	       0.0000000	       0.0000000	       0.0000000	       0.0000000	       0.0000000	       0.0000000	       0.0000000	       0.0000000	
   1.9659501e+08	       0.0000000	       0.0000000	       0.0000000	       0.0000000	       0.0000000	       0.0000000	       0.0000000	       0.0000000	
   1.9667501e+08	      0.88090897	      0.89577655	      0.86637189	      0.87837469	      0.84778781	      0.85842331	      0.85339189	      0.86226498	
   1.9675501e+08	      0.88515738	      0.90207204	      0.87342180	      0.88225231	      0.85504985	      0.86350912	      0.85356152	      0.86419941	
   1.9683501e+08	      0.88276381	      0.90063850	      0.86836871	      0.87767996	      0.84883519	      0.85944438	      0.85360505	      0.85874424	
   1.9691501e+08	      0.88583534	      0.89639708	      0.86991793	      0.87670148	      0.84869320	      0.85778714	      0.85055492	      0.86060606	
   1.9699501e+08	      0.88427721	      0.89866448	      0.86807629	      0.87676230	      0.84920369	      0.85697660	      0.84811615	      0.85553326	
   1.9707501e+08	      0.88352415	      0.89664138	      0.86738394	      0.87679503	      0.84818647	      0.85674076	      0.84655345	      0.85560547	
   1.9715501e+08	      0.88305429	      0.89351212	      0.86681544	      0.87526948	      0.84567071	      0.85562601	      0.84824620	      0.85671008	
   1.9723501e+08	      0.88603662	      0.88874878	      0.86255671	      0.87171446	      0.84539393	      0.85104012	      0.84409177	      0.85384889	
   1.9731501e+08	      0.88296843	      0.88680679	      0.86226163	      0.87018076	      0.84692087	      0.85326665	      0.84410824	      0.85148966	
   1.9739501e+08	      0.87896840	      0.88370114	      0.86163637	      0.87042440	      0.84517807	      0.85373536	      0.84674764	      0.85234786	
   1.9747501e+08	      0.87960305	      0.88396974	      0.85814113	      0.86860014	      0.84622844	      0.85064842	      0.84510050	      0.85335121	
   1.9755501e+08	      0.87543900	      0.88122854	      0.85966551	      0.86915084	      0.84451286	      0.85088873	      0.84891733	      0.85408412	
   1.9763501e+08	      0.87581557	      0.88272951	      0.86264230	      0.87150558	      0.84723931	      0.85605755	      0.84991587	      0.85680370	
   1.9771501e+08	      0.87239588	      0.88196266	      0.86687639	      0.87367780	      0.84331869	      0.85239578	      0.84671351	      0.84944209	
   1.9779501e+08	       0.0000000	       0.0000000	       0.0000000	       0.0000000	       0.0000000	       0.0000000	       0.0000000	       0.0000000	
