1.389950e+08 0.983773 0.991057 0.938708 0.943314 0.973262 0.977229 0.964556 0.965841
1.390750e+08 0.983088 0.990279 0.938596 0.943383 0.973027 0.977069 0.964077 0.965728
1.391550e+08 0.982403 0.989499 0.938476 0.943440 0.972783 0.976898 0.963601 0.965605
1.392350e+08 0.981720 0.988718 0.938348 0.943486 0.972531 0.976718 0.963128 0.965474
1.393150e+08 0.981040 0.987937 0.938213 0.943522 0.972272 0.976527 0.962659 0.965335
1.393950e+08 0.980363 0.987157 0.938073 0.943548 0.972006 0.976329 0.962195 0.965190
1.394750e+08 0.979691 0.986378 0.937927 0.943566 0.971736 0.976123 0.961736 0.965039
1.395550e+08 0.979025 0.985603 0.937778 0.943576 0.971462 0.975911 0.961284 0.964884
1.396350e+08 0.978364 0.984831 0.937625 0.943579 0.971186 0.975694 0.960839 0.964723
1.397150e+08 0.977711 0.984063 0.937471 0.943577 0.970907 0.975473 0.960402 0.964560
1.397950e+08 0.977066 0.983301 0.937316 0.943569 0.970628 0.975249 0.959975 0.964394
1.398750e+08 0.976430 0.982545 0.937160 0.943558 0.970350 0.975023 0.959557 0.964227
1.399550e+08 0.975803 0.981797 0.937006 0.943543 0.970074 0.974796 0.959149 0.964058
1.400350e+08 0.975188 0.981056 0.936854 0.943527 0.969800 0.974570 0.958754 0.963890
1.401150e+08 0.974584 0.980325 0.936705 0.943509 0.969531 0.974345 0.958370 0.963724
1.401950e+08 0.973993 0.979604 0.936559 0.943492 0.969266 0.974122 0.958000 0.963559
1.402750e+08 0.973415 0.978894 0.936419 0.943475 0.969008 0.973903 0.957644 0.963397
1.403550e+08 0.972852 0.978196 0.936285 0.943461 0.968757 0.973690 0.957303 0.963239
1.404350e+08 0.972303 0.977512 0.936158 0.943449 0.968515 0.973482 0.956978 0.963086
1.405150e+08 0.971771 0.976840 0.936040 0.943441 0.968282 0.973281 0.956669 0.962938
1.405950e+08 0.971255 0.976184 0.935930 0.943438 0.968060 0.973088 0.956378 0.962797
1.406750e+08 0.970757 0.975544 0.935831 0.943441 0.967850 0.956104 0.962664 0.972905
1.407550e+08 0.970277 0.974920 0.935742 0.943451 0.967653 0.972732 0.955850 0.962539
1.408350e+08 0.969817 0.974313 0.935666 0.943469 0.967469 0.972571 0.955615 0.962424
1.409150e+08 0.969376 0.973725 0.935603 0.943496 0.967301 0.972422 0.955401 0.962319
1.409950e+08 0.968956 0.973156 0.935554 0.943532 0.967148 0.972287 0.955208 0.962225
1.410750e+08 0.968557 0.972607 0.935519 0.943579 0.967012 0.972166 0.955036 0.962143
1.411550e+08 0.968180 0.972079 0.935501 0.943638 0.966894 0.972061 0.954887 0.962074
1.412350e+08 0.967825 0.971573 0.935499 0.943710 0.966795 0.971973 0.954762 0.962019
1.413150e+08 0.967494 0.971089 0.935515 0.943795 0.966716 0.971902 0.954660 0.961978
1.413950e+08 0.967186 0.970629 0.935550 0.943894 0.966657 0.971850 0.954582 0.961953
1.414750e+08 0.966903 0.970192 0.935603 0.944008 0.966620 0.971817 0.954530 0.961943
1.415550e+08 0.966645 0.969780 0.935677 0.944139 0.966605 0.971805 0.954503 0.961951
1.416350e+08 0.966412 0.969394 0.935771 0.944286 0.966613 0.971813 0.954502 0.961977
1.417150e+08 0.966205 0.969033 0.935888 0.944451 0.966645 0.971844 0.954528 0.962021
1.417950e+08 0.966024 0.968699 0.936026 0.944634 0.966701 0.971898 0.954581 0.962084
1.418750e+08 0.965869 0.968392 0.936187 0.944837 0.966783 0.971975 0.954661 0.962167
1.419550e+08 0.965742 0.968113 0.936372 0.945059 0.966890 0.972076 0.954769 0.962270
1.420350e+08 0.965642 0.967862 0.936581 0.945302 0.967024 0.972202 0.954905 0.962395
1.421150e+08 0.965570 0.967640 0.936815 0.945566 0.967185 0.972354 0.955070 0.962541
1.421950e+08 0.965526 0.967447 0.937074 0.945851 0.967373 0.972532 0.955264 0.962709
1.422750e+08 0.965510 0.967284 0.937360 0.946159 0.967589 0.972737 0.955487 0.962900
1.423550e+08 0.965522 0.967151 0.937671 0.946490 0.967833 0.972969 0.955740 0.963114
1.424350e+08 0.965562 0.967048 0.938009 0.946844 0.968107 0.973229 0.956022 0.963352
1.425150e+08 0.965631 0.966976 0.938374 0.947222 0.968409 0.973517 0.956334 0.963614
1.425950e+08 0.965729 0.966934 0.938767 0.947624 0.968740 0.973833 0.956675 0.963900
1.426750e+08 0.965856 0.966924 0.939187 0.948050 0.969101 0.974178 0.957047 0.964211
1.427550e+08 0.966011 0.966945 0.939636 0.948502 0.969492 0.974553 0.957448 0.964548
1.428350e+08 0.966195 0.966998 0.940113 0.948978 0.969913 0.974956 0.957880 0.964909
1.429150e+08 0.966407 0.967082 0.940618 0.949481 0.970364 0.975390 0.958341 0.965297
1.429950e+08 0.966648 0.967198 0.941151 0.950009 0.970844 0.975853 0.958833 0.965710
1.430750e+08 0.966916 0.967345 0.941714 0.950563 0.971355 0.976345 0.959354 0.966149
1.431550e+08 0.967213 0.967524 0.942305 0.951142 0.971896 0.976867 0.959904 0.966614
1.432350e+08 0.967538 0.967735 0.942924 0.951748 0.972466 0.977420 0.960484 0.967105
1.433150e+08 0.967890 0.967977 0.943572 0.952380 0.973066 0.978001 0.961094 0.967622
1.433950e+08 0.968270 0.968250 0.944249 0.953039 0.973696 0.978613 0.961732 0.968166
1.434750e+08 0.968676 0.968555 0.944954 0.953723 0.974354 0.979254 0.962398 0.968735
1.435550e+08 0.969109 0.968890 0.945688 0.954434 0.975042 0.979924 0.963093 0.969330
1.436350e+08 0.969568 0.969256 0.946449 0.955170 0.975758 0.980623 0.963815 0.969951
1.437150e+08 0.970052 0.969653 0.947238 0.955932 0.976502 0.981350 0.964565 0.970598
1.437950e+08 0.970561 0.970079 0.948055 0.956720 0.977274 0.982106 0.965342 0.971270
1.438750e+08 0.971095 0.970535 0.948899 0.957533 0.978073 0.982890 0.966145 0.971967
1.439550e+08 0.971653 0.971020 0.949769 0.958370 0.978898 0.983701 0.966974 0.972689
1.440350e+08 0.972234 0.971533 0.950665 0.959233 0.979750 0.984538 0.967829 0.973435
1.441150e+08 0.972838 0.972075 0.951588 0.960120 0.980627 0.985402 0.968707 0.974205
1.441950e+08 0.973464 0.972644 0.952535 0.961030 0.981528 0.986292 0.969610 0.974999
1.442750e+08 0.974111 0.973240 0.953507 0.961964 0.982454 0.987207 0.970536 0.975816
1.443550e+08 0.974778 0.973862 0.954503 0.962920 0.983402 0.988145 0.971485 0.976656
1.444350e+08 0.975466 0.974510 0.955522 0.963899 0.984373 0.989108 0.972455 0.977517
1.445150e+08 0.976172 0.975183 0.956564 0.964899 0.985366 0.990093 0.973447 0.978400
1.445950e+08 0.976897 0.975879 0.957628 0.965921 0.986379 0.991100 0.974459 0.979304
1.446750e+08 0.977639 0.976600 0.958713 0.966962 0.987411 0.992128 0.975489 0.980228
1.447550e+08 0.978398 0.977343 0.959819 0.968024 0.988463 0.993177 0.976539 0.981171
1.448350e+08 0.979172 0.978107 0.960944 0.969104 0.989532 0.994244 0.977606 0.982133
1.449150e+08 0.979961 0.978892 0.962087 0.970202 0.990618 0.995330 0.978689 0.983113
1.449950e+08 0.980763 0.979698 0.963249 0.971318 0.991719 0.996432 0.979789 0.984110
1.450750e+08 0.981579 0.980522 0.964427 0.972450 0.992835 0.997551 0.980903 0.985123
1.451550e+08 0.982406 0.981364 0.965621 0.973597 0.993964 0.998685 0.982030 0.986152
1.452350e+08 0.983244 0.982224 0.966830 0.974760 0.995105 0.999833 0.983170 0.987195
1.453150e+08 0.984092 0.983099 0.968053 0.975935 0.996258 1.000993 0.984322 0.988252
1.453950e+08 0.984949 0.983990 0.969288 0.977124 0.997420 1.002165 0.985484 0.989322
1.454750e+08 0.985813 0.984894 0.970536 0.978324 0.998591 1.003347 0.986656 0.990403
1.455550e+08 0.986685 0.985811 0.971794 0.979536 0.999769 1.004539 0.987836 0.991495
1.456350e+08 0.987562 0.986741 0.973061 0.980756 1.000953 1.005738 0.989024 0.992596
1.457150e+08 0.988443 0.987680 0.974337 0.981986 1.002142 1.006944 0.990217 0.993706
1.457950e+08 0.989329 0.988630 0.975620 0.983223 1.003335 1.008155 0.991416 0.994824
1.458750e+08 0.990217 0.989587 0.976910 0.984466 1.004530 1.009370 0.992618 0.995948
1.459550e+08 0.991106 0.990553 0.978204 0.985715 1.005726 1.010588 0.993823 0.997078
1.460350e+08 0.991995 0.991524 0.979502 0.986968 1.006922 1.011808 0.995030 0.998212
1.461150e+08 0.992884 0.992500 0.980802 0.988224 1.008116 1.013027 0.996237 0.999349
1.461950e+08 0.993772 0.993480 0.982104 0.989482 1.009307 1.014245 0.997443 1.000488
1.462750e+08 0.994656 0.994462 0.983406 0.990741 1.010493 1.015460 0.998648 1.001628
1.463550e+08 0.995537 0.995446 0.984707 0.992000 1.011675 1.016672 0.999849 1.002769
1.464350e+08 0.996412 0.996430 0.986006 0.993257 1.012849 1.017878 1.001046 1.003907
1.465150e+08 0.997282 0.997414 0.987301 0.994511 1.014014 1.019077 1.002237 1.005044
1.465950e+08 0.998145 0.998395 0.988591 0.995761 1.015171 1.020268 1.003422 1.006176
1.466750e+08 0.998999 0.999372 0.989876 0.997006 1.016316 1.021450 1.004599 1.007304
1.467550e+08 0.999845 1.000346 0.991153 0.998245 1.017449 1.022621 1.005768 1.008427
1.468350e+08 1.000680 1.001313 0.992422 0.999477 1.018569 1.023781 1.006926 1.009542
1.469150e+08 1.001505 1.002274 0.993681 1.000699 1.019674 1.024926 1.008073 1.010649
1.469950e+08 1.002317 1.003227 0.994930 1.001912 1.020764 1.026057 1.009209 1.011746
1.470750e+08 1.003117 1.004171 0.996167 1.003115 1.021836 1.027173 1.010331 1.012834
1.471550e+08 1.003903 1.005105 0.997390 1.004305 1.022889 1.028271 1.011438 1.013909
1.472350e+08 1.004674 1.006027 0.998600 1.005482 1.023924 1.029350 1.012530 1.014973
1.473150e+08 1.005429 1.006938 0.999794 1.006644 1.024938 1.030410 1.013606 1.016022
1.473950e+08 1.006168 1.007834 1.000971 1.007792 1.025929 1.031449 1.014665 1.017057
1.474750e+08 1.006890 1.008716 1.002131 1.008922 1.026899 1.032466 1.015705 1.018076
1.475550e+08 1.007593 1.009583 1.003273 1.010036 1.027844 1.033460 1.016725 1.019079
1.476350e+08 1.008278 1.010433 1.004395 1.011130 1.028764 1.034430 1.017726 1.020063
1.477150e+08 1.008943 1.011266 1.005496 1.012206 1.029658 1.035374 1.018705 1.021029
1.477950e+08 1.009588 1.012081 1.006576 1.013260 1.030526 1.036292 1.019663 1.021975
1.478750e+08 1.010211 1.012876 1.007633 1.014294 1.031366 1.037183 1.020597 1.022901
1.479550e+08 1.010813 1.013651 1.008667 1.015304 1.032177 1.038045 1.021508 1.023805
1.480350e+08 1.011393 1.014404 1.009676 1.016292 1.032958 1.038878 1.022394 1.024687
1.481150e+08 1.011950 1.015136 1.010660 1.017255 1.033710 1.039680 1.023255 1.025545
1.481950e+08 1.012483 1.015846 1.011618 1.018193 1.034430 1.040452 1.024090 1.026380
1.482750e+08 1.012993 1.016532 1.012549 1.019106 1.035119 1.041192 1.024899 1.027190
1.483550e+08 1.013478 1.017193 1.013453 1.019992 1.035775 1.041899 1.025680 1.027974
1.484350e+08 1.013938 1.017830 1.014328 1.020850 1.036398 1.042573 1.026434 1.028732
1.485150e+08 1.014374 1.018442 1.015175 1.021680 1.036987 1.043213 1.027159 1.029463
1.485950e+08 1.014783 1.019027 1.015992 1.022482 1.037543 1.043818 1.027855 1.030166
1.486750e+08 1.015167 1.019586 1.016778 1.023255 1.038063 1.044389 1.028522 1.030842
1.487550e+08 1.015524 1.020118 1.017534 1.023998 1.038549 1.044923 1.029159 1.031488
1.488350e+08 1.015856 1.020622 1.018259 1.024710 1.038999 1.045421 1.029766 1.032106
1.489150e+08 1.016160 1.021099 1.018952 1.025391 1.039414 1.045883 1.030342 1.032694
1.489950e+08 1.016438 1.021546 1.019614 1.026041 1.039793 1.046308 1.030887 1.033252
1.490750e+08 1.016689 1.021965 1.020242 1.026660 1.040135 1.046695 1.031401 1.033779
1.491550e+08 1.016913 1.022355 1.020838 1.027246 1.040442 1.047045 1.031884 1.034276
1.492350e+08 1.017110 1.022715 1.021402 1.027800 1.040711 1.047357 1.032335 1.034742
1.493150e+08 1.017280 1.023046 1.021931 1.028321 1.040945 1.047631 1.032755 1.035176
1.493950e+08 1.017423 1.023348 1.022428 1.028810 1.041141 1.047868 1.033143 1.035579
1.494750e+08 1.017540 1.023619 1.022891 1.029265 1.041302 1.048066 1.033499 1.035950
1.495550e+08 1.017629 1.023860 1.023321 1.029687 1.041426 1.048226 1.033823 1.036290
1.496350e+08 1.017692 1.024072 1.023716 1.030076 1.041513 1.048348 1.034115 1.036597
1.497150e+08 1.017729 1.024253 1.024079 1.030432 1.041565 1.048432 1.034375 1.036873
1.497950e+08 1.017740 1.024404 1.024408 1.030754 1.041581 1.048479 1.034604 1.037117
1.498750e+08 1.017725 1.024526 1.024703 1.031043 1.041562 1.048488 1.034802 1.037329
1.499550e+08 1.017685 1.024618 1.024965 1.031300 1.041508 1.048460 1.034968 1.037509
1.500350e+08 1.017620 1.024681 1.025195 1.031523 1.041419 1.048395 1.035103 1.037658
1.501150e+08 1.017530 1.024714 1.025391 1.031713 1.041295 1.048293 1.035208 1.037775
1.501950e+08 1.017416 1.024719 1.025555 1.031872 1.041139 1.048156 1.035282 1.037862
1.502750e+08 1.017278 1.024694 1.025688 1.031998 1.040949 1.047983 1.035327 1.037918
1.503550e+08 1.017117 1.024642 1.025788 1.032092 1.040726 1.047775 1.035342 1.037943
1.504350e+08 1.016934 1.024562 1.025857 1.032154 1.040472 1.047532 1.035328 1.037938
1.505150e+08 1.016728 1.024454 1.025896 1.032186 1.040187 1.047256 1.035285 1.037904
1.505950e+08 1.016501 1.024319 1.025904 1.032187 1.039871 1.046946 1.035215 1.037840
1.506750e+08 1.016253 1.024159 1.025883 1.032159 1.039526 1.046604 1.035117 1.037748
1.507550e+08 1.015986 1.023972 1.025833 1.032101 1.039152 1.046231 1.034992 1.037628
1.508350e+08 1.015699 1.023760 1.025754 1.032014 1.038750 1.045827 1.034841 1.037480
1.509150e+08 1.015393 1.023524 1.025648 1.031899 1.038322 1.045393 1.034665 1.037305
1.509950e+08 1.015070 1.023264 1.025515 1.031756 1.037867 1.044929 1.034464 1.037104
1.510750e+08 1.014729 1.022980 1.025356 1.031587 1.037387 1.044438 1.034239 1.036878
1.511550e+08 1.014373 1.022675 1.025172 1.031391 1.036883 1.043920 1.033990 1.036627
1.512350e+08 1.014001 1.022347 1.024964 1.031171 1.036357 1.043375 1.033720 1.036351
1.513150e+08 1.013615 1.022000 1.024731 1.030926 1.035808 1.042806 1.033428 1.036053
1.513950e+08 1.013215 1.021632 1.024477 1.030657 1.035239 1.042212 1.033115 1.035732
1.514750e+08 1.012802 1.021245 1.024200 1.030366 1.034650 1.041595 1.032783 1.035390
1.515550e+08 1.012378 1.020840 1.023903 1.030053 1.034042 1.040957 1.032432 1.035026
1.516350e+08 1.011943 1.020418 1.023587 1.029720 1.033417 1.040298 1.032063 1.034643
1.517150e+08 1.011498 1.019980 1.023251 1.029367 1.032776 1.039620 1.031677 1.034242
1.517950e+08 1.011044 1.019526 1.022898 1.028994 1.032121 1.038924 1.031275 1.033822
1.518750e+08 1.010583 1.019058 1.022529 1.028605 1.031451 1.038211 1.030858 1.033386
1.519550e+08 1.010114 1.018577 1.022144 1.028198 1.030770 1.037482 1.030427 1.032933
1.520350e+08 1.009640 1.018084 1.021745 1.027776 1.030077 1.036738 1.029984 1.032466
1.521150e+08 1.009161 1.017580 1.021333 1.027339 1.029375 1.035982 1.029528 1.031985
1.521950e+08 1.008678 1.017066 1.020909 1.026889 1.028663 1.035214 1.029062 1.031491
1.522750e+08 1.008192 1.016542 1.020473 1.026427 1.027945 1.034435 1.028586 1.030986
1.523550e+08 1.007705 1.016011 1.020029 1.025953 1.027221 1.033647 1.028102 1.030470
1.524350e+08 1.007217 1.015473 1.019576 1.025470 1.026492 1.032851 1.027610 1.029944
1.525150e+08 1.006729 1.014929 1.019115 1.024977 1.025760 1.032048 1.027111 1.029410
1.525950e+08 1.006242 1.014381 1.018649 1.024477 1.025026 1.031241 1.026607 1.028868
1.526750e+08 1.005758 1.013829 1.018177 1.023970 1.024291 1.030429 1.026099 1.028320
1.527550e+08 1.005277 1.013275 1.017703 1.023458 1.023557 1.029615 1.025588 1.027768
1.528350e+08 1.004800 1.012720 1.017225 1.022942 1.022825 1.028800 1.025075 1.027211
1.529150e+08 1.004329 1.012164 1.016746 1.022422 1.022095 1.027984 1.024560 1.026651
1.529950e+08 1.003864 1.011610 1.016268 1.021901 1.021370 1.027170 1.024046 1.026089
1.530750e+08 1.003406 1.011058 1.015790 1.021379 1.020651 1.026359 1.023533 1.025527
1.531550e+08 1.002957 1.010508 1.015315 1.020857 1.019939 1.025552 1.023022 1.024965
1.532350e+08 1.002516 1.009964 1.014843 1.020337 1.019235 1.024749 1.022514 1.024404
1.533150e+08 1.002086 1.009424 1.014376 1.019820 1.018540 1.023954 1.022010 1.023846
1.533950e+08 1.001667 1.008891 1.013915 1.019307 1.017855 1.023165 1.021512 1.023292
1.534750e+08 1.001260 1.008365 1.013461 1.018798 1.017182 1.022386 1.021020 1.022742
1.535550e+08 1.000865 1.007848 1.013014 1.018296 1.016522 1.021617 1.020535 1.022197
1.536350e+08 1.000484 1.007340 1.012577 1.017800 1.015875 1.020859 1.020059 1.021660
1.537150e+08 1.000117 1.006843 1.012151 1.017313 1.015243 1.020113 1.019592 1.021129
1.537950e+08 0.999766 1.006358 1.011735 1.016836 1.014627 1.019380 1.019134 1.020608
1.538750e+08 0.999431 1.005884 1.011332 1.016368 1.014028 1.018662 1.018688 1.020096
1.539550e+08 0.999112 1.005424 1.010942 1.015912 1.013447 1.017960 1.018254 1.019594
1.540350e+08 0.998810 1.004979 1.010567 1.015468 1.012884 1.017274 1.017832 1.019104
1.541150e+08 0.998527 1.004548 1.010207 1.015037 1.012341 1.016605 1.017424 1.018626
1.541950e+08 0.998263 1.004134 1.009863 1.014620 1.011818 1.015955 1.017030 1.018161
1.542750e+08 0.998017 1.003736 1.009536 1.014218 1.011316 1.015323 1.016651 1.017710
1.543550e+08 0.997792 1.003356 1.009227 1.013832 1.010837 1.014712 1.016288 1.017274
1.544350e+08 0.997587 1.002994 1.008936 1.013463 1.010380 1.014122 1.015941 1.016852
1.545150e+08 0.997403 1.002651 1.008665 1.013111 1.009946 1.013553 1.015611 1.016447
1.545950e+08 0.997240 1.002327 1.008415 1.012777 1.009537 1.013007 1.015299 1.016059
1.546750e+08 0.997100 1.002024 1.008185 1.012462 1.009152 1.012483 1.015006 1.015688
1.547550e+08 0.996981 1.001742 1.007977 1.012166 1.008792 1.011984 1.014731 1.015335
1.548350e+08 0.996885 1.001482 1.007791 1.011891 1.008457 1.011508 1.014476 1.015000
1.549150e+08 0.996813 1.001243 1.007628 1.011636 1.008148 1.011057 1.014240 1.014685
1.549950e+08 0.996763 1.001027 1.007488 1.011403 1.007866 1.010631 1.014025 1.014389
1.550750e+08 0.996736 1.000834 1.007372 1.011191 1.007611 1.010230 1.013830 1.014113
1.551550e+08 0.996734 1.000664 1.007281 1.011002 1.007382 1.009855 1.013656 1.013857
1.552350e+08 0.996755 1.000518 1.007214 1.010835 1.007180 1.009507 1.013504 1.013622
1.553150e+08 0.996800 1.000396 1.007171 1.010691 1.007006 1.009185 1.013373 1.013408
1.553950e+08 0.996869 1.000298 1.007155 1.010571 1.006859 1.008889 1.013263 1.013215
1.554750e+08 0.996962 1.000225 1.007163 1.010474 1.006740 1.008621 1.013176 1.013044
1.555550e+08 0.997079 1.000176 1.007198 1.010402 1.006648 1.008379 1.013110 1.012895
1.556350e+08 0.997220 1.000153 1.007258 1.010353 1.006584 1.008164 1.013067 1.012767
1.557150e+08 0.997385 1.000154 1.007345 1.010328 1.006547 1.007977 1.013046 1.012661
1.557950e+08 0.997574 1.000180 1.007457 1.010328 1.006537 1.007816 1.013047 1.012577
1.558750e+08 0.997786 1.000231 1.007596 1.010352 1.006555 1.007681 1.013070 1.012515
1.559550e+08 0.998022 1.000307 1.007761 1.010400 1.006599 1.007574 1.013115 1.012475
1.560350e+08 0.998281 1.000408 1.007952 1.010473 1.006670 1.007493 1.013183 1.012457
1.561150e+08 0.998563 1.000534 1.008168 1.010570 1.006767 1.007438 1.013271 1.012460
1.561950e+08 0.998867 1.000684 1.008410 1.010691 1.006889 1.007408 1.013382 1.012485
1.562750e+08 0.999193 1.000858 1.008678 1.010836 1.007037 1.007405 1.013513 1.012531
1.563550e+08 0.999541 1.001057 1.008971 1.011004 1.007210 1.007426 1.013666 1.012598
1.564350e+08 0.999911 1.001279 1.009289 1.011196 1.007407 1.007471 1.013839 1.012686
1.565150e+08 1.000301 1.001525 1.009631 1.011411 1.007628 1.007541 1.014032 1.012794
1.565950e+08 1.000711 1.001794 1.009997 1.011648 1.007872 1.007634 1.014245 1.012922
1.566750e+08 1.001141 1.002085 1.010387 1.011908 1.008138 1.007750 1.014477 1.013069
1.567550e+08 1.001591 1.002399 1.010800 1.012189 1.008426 1.007889 1.014729 1.013236
1.568350e+08 1.002058 1.002734 1.011236 1.012492 1.008735 1.008048 1.014998 1.013421
1.569150e+08 1.002544 1.003090 1.011693 1.012816 1.009064 1.008229 1.015285 1.013624
1.569950e+08 1.003047 1.003466 1.012172 1.013159 1.009412 1.008429 1.015589 1.013844
1.570750e+08 1.003566 1.003862 1.012672 1.013522 1.009778 1.008649 1.015910 1.014081
1.571550e+08 1.004102 1.004278 1.013191 1.013904 1.010162 1.008887 1.016246 1.014334
1.572350e+08 1.004652 1.004711 1.013730 1.014304 1.010563 1.009142 1.016598 1.014602
1.573150e+08 1.005216 1.005163 1.014287 1.014722 1.010979 1.009414 1.016963 1.014885
1.573950e+08 1.005793 1.005631 1.014861 1.015156 1.011409 1.009701 1.017343 1.015181
1.574750e+08 1.006383 1.006116 1.015453 1.015606 1.011853 1.010002 1.017735 1.015491
1.575550e+08 1.006985 1.006615 1.016060 1.016071 1.012310 1.010317 1.018138 1.015813
1.576350e+08 1.007598 1.007130 1.016682 1.016551 1.012778 1.010645 1.018553 1.016146
1.577150e+08 1.008220 1.007657 1.017317 1.017043 1.013255 1.010984 1.018978 1.016490
1.577950e+08 1.008851 1.008198 1.017966 1.017548 1.013742 1.011333 1.019412 1.016843
1.578750e+08 1.009490 1.008749 1.018627 1.018064 1.014237 1.011691 1.019854 1.017205
1.579550e+08 1.010136 1.009312 1.019299 1.018590 1.014739 1.012057 1.020304 1.017575
1.580350e+08 1.010788 1.009884 1.019980 1.019126 1.015246 1.012430 1.020760 1.017951
1.581150e+08 1.011445 1.010466 1.020670 1.019670 1.015757 1.012808 1.021221 1.018333
1.581950e+08 1.012106 1.011054 1.021368 1.020222 1.016272 1.013191 1.021687 1.018720
1.582750e+08 1.012770 1.011650 1.022073 1.020779 1.016788 1.013577 1.022156 1.019111
1.583550e+08 1.013436 1.012251 1.022782 1.021342 1.017305 1.013965 1.022627 1.019504
1.584350e+08 1.014103 1.012856 1.023496 1.021909 1.017821 1.014353 1.023100 1.019899
1.585150e+08 1.014771 1.013465 1.024214 1.022479 1.018335 1.014741 1.023572 1.020294
1.585950e+08 1.015436 1.014077 1.024933 1.023051 1.018846 1.015128 1.024044 1.020689
1.586750e+08 1.016100 1.014689 1.025652 1.023623 1.019353 1.015511 1.024514 1.021083
1.587550e+08 1.016761 1.015302 1.026372 1.024195 1.019854 1.015890 1.024981 1.021473
1.588350e+08 1.017418 1.015914 1.027089 1.024765 1.020348 1.016263 1.025444 1.021861
1.589150e+08 1.018069 1.016524 1.027804 1.025333 1.020834 1.016630 1.025902 1.022243
1.589950e+08 1.018714 1.017131 1.028514 1.025897 1.021311 1.016989 1.026354 1.022620
1.590750e+08 1.019352 1.017733 1.029220 1.026456 1.021777 1.017338 1.026798 1.022989
1.591550e+08 1.019982 1.018330 1.029919 1.027008 1.022232 1.017678 1.027235 1.023351
1.592350e+08 1.020603 1.018921 1.030610 1.027554 1.022673 1.018005 1.027661 1.023704
1.593150e+08 1.021213 1.019504 1.031292 1.028091 1.023100 1.018320 1.028078 1.024046
1.593950e+08 1.021813 1.020079 1.031965 1.028619 1.023512 1.018621 1.028483 1.024378
1.594750e+08 1.022400 1.020644 1.032626 1.029135 1.023908 1.018907 1.028875 1.024697
1.595550e+08 1.022975 1.021198 1.033275 1.029641 1.024286 1.019177 1.029254 1.025004
1.596350e+08 1.023535 1.021740 1.033911 1.030133 1.024646 1.019430 1.029619 1.025296
1.597150e+08 1.024081 1.022270 1.034532 1.030612 1.024986 1.019664 1.029968 1.025573
1.597950e+08 1.024611 1.022785 1.035137 1.031075 1.025305 1.019879 1.030301 1.025834
1.598750e+08 1.025125 1.023286 1.035725 1.031523 1.025603 1.020073 1.030616 1.026078
1.599550e+08 1.025621 1.023772 1.036296 1.031954 1.025878 1.020246 1.030914 1.026305
1.600350e+08 1.026099 1.024240 1.036848 1.032367 1.026129 1.020397 1.031192 1.026512
1.601150e+08 1.026559 1.024691 1.037380 1.032760 1.026357 1.020525 1.031450 1.026700
1.601950e+08 1.026999 1.025123 1.037891 1.033134 1.026559 1.020628 1.031687 1.026867
1.602750e+08 1.027418 1.025536 1.038380 1.033488 1.026734 1.020707 1.031903 1.027013
1.603550e+08 1.027817 1.025929 1.038847 1.033819 1.026883 1.020759 1.032096 1.027138
1.604350e+08 1.028193 1.026301 1.039290 1.034129 1.027005 1.020785 1.032267 1.027239
1.605150e+08 1.028548 1.026650 1.039709 1.034414 1.027098 1.020784 1.032413 1.027317
1.605950e+08 1.028880 1.026978 1.040102 1.034676 1.027162 1.020755 1.032534 1.027370
1.606750e+08 1.029188 1.027282 1.040469 1.034913 1.027196 1.020698 1.032631 1.027399
1.607550e+08 1.029473 1.027562 1.040810 1.035125 1.027201 1.020611 1.032702 1.027402
1.608350e+08 1.029733 1.027817 1.041122 1.035310 1.027174 1.020494 1.032746 1.027380
1.609150e+08 1.029968 1.028048 1.041407 1.035468 1.027117 1.020347 1.032763 1.027331
1.609950e+08 1.030178 1.028252 1.041663 1.035599 1.027029 1.020170 1.032753 1.027255
1.610750e+08 1.030363 1.028430 1.041889 1.035702 1.026908 1.019962 1.032714 1.027151
1.611550e+08 1.030522 1.028582 1.042086 1.035776 1.026755 1.019722 1.032648 1.027020
1.612350e+08 1.030654 1.028706 1.042252 1.035821 1.026570 1.019450 1.032552 1.026860
1.613150e+08 1.030760 1.028803 1.042387 1.035837 1.026352 1.019146 1.032428 1.026672
1.613950e+08 1.030840 1.028872 1.042491 1.035823 1.026101 1.018810 1.032274 1.026454
1.614750e+08 1.030893 1.028912 1.042563 1.035779 1.025818 1.018442 1.032090 1.026208
1.615550e+08 1.030919 1.028924 1.042603 1.035704 1.025501 1.018042 1.031877 1.025933
1.616350e+08 1.030918 1.028907 1.042611 1.035599 1.025151 1.017608 1.031633 1.025628
1.617150e+08 1.030890 1.028861 1.042587 1.035463 1.024769 1.017143 1.031359 1.025293
1.617950e+08 1.030835 1.028787 1.042529 1.035296 1.024353 1.016645 1.031055 1.024929
1.618750e+08 1.030753 1.028682 1.042439 1.035097 1.023905 1.016115 1.030720 1.024536
1.619550e+08 1.030644 1.028549 1.042317 1.034868 1.023424 1.015552 1.030355 1.024112
1.620350e+08 1.030509 1.028387 1.042161 1.034607 1.022911 1.014958 1.029960 1.023659
1.621150e+08 1.030347 1.028195 1.041972 1.034314 1.022366 1.014332 1.029534 1.023177
1.621950e+08 1.030159 1.027974 1.041751 1.033991 1.021790 1.013674 1.029078 1.022666
1.622750e+08 1.029945 1.027724 1.041497 1.033637 1.021182 1.012986 1.028592 1.022125
1.623550e+08 1.029705 1.027446 1.041210 1.033251 1.020543 1.012267 1.028077 1.021556
1.624350e+08 1.029439 1.027139 1.040891 1.032836 1.019874 1.011518 1.027532 1.020958
1.625150e+08 1.029149 1.026804 1.040540 1.032389 1.019176 1.010739 1.026958 1.020332
1.625950e+08 1.028834 1.026440 1.040158 1.031913 1.018448 1.009931 1.026355 1.019678
1.626750e+08 1.028495 1.026050 1.039744 1.031407 1.017691 1.009095 1.025723 1.018997
1.627550e+08 1.028132 1.025632 1.039299 1.030872 1.016907 1.008231 1.025064 1.018289
1.628350e+08 1.027746 1.025187 1.038824 1.030308 1.016096 1.007340 1.024376 1.017555
1.629150e+08 1.027338 1.024716 1.038319 1.029715 1.015258 1.006423 1.023662 1.016795
1.629950e+08 1.026907 1.024219 1.037784 1.029095 1.014395 1.005480 1.022922 1.016009
1.630750e+08 1.026456 1.023698 1.037221 1.028447 1.013508 1.004513 1.022155 1.015199
1.631550e+08 1.025983 1.023151 1.036629 1.027773 1.012596 1.003522 1.021363 1.014365
1.632350e+08 1.025491 1.022581 1.036010 1.027072 1.011662 1.002508 1.020547 1.013508
1.633150e+08 1.024979 1.021988 1.035364 1.026347 1.010706 1.001471 1.019706 1.012628
1.633950e+08 1.024450 1.021372 1.034692 1.025597 1.009729 1.000414 1.018843 1.011726
1.634750e+08 1.023902 1.020735 1.033995 1.024823 1.008732 0.999337 1.017957 1.010804
1.635550e+08 1.023338 1.020077 1.033273 1.024026 1.007716 0.998242 1.017049 1.009861
1.636350e+08 1.022758 1.019398 1.032528 1.023207 1.006683 0.997128 1.016121 1.008899
1.637150e+08 1.022162 1.018701 1.031761 1.022367 1.005633 0.995997 1.015172 1.007919
1.637950e+08 1.021553 1.017985 1.030971 1.021506 1.004568 0.994852 1.014205 1.006921
1.638750e+08 1.020930 1.017252 1.030161 1.020626 1.003488 0.993691 1.013219 1.005906
1.639550e+08 1.020295 1.016503 1.029331 1.019728 1.002396 0.992518 1.012217 1.004876
1.640350e+08 1.019649 1.015738 1.028483 1.018812 1.001292 0.991333 1.011198 1.003832
1.641150e+08 1.018993 1.014959 1.027617 1.017880 1.000177 0.990137 1.010164 1.002774
1.641950e+08 1.018327 1.014166 1.026734 1.016932 0.999053 0.988931 1.009116 1.001703
1.642750e+08 1.017653 1.013362 1.025837 1.015970 0.997921 0.987717 1.008055 1.000621
1.643550e+08 1.016972 1.012546 1.024924 1.014995 0.996783 0.986497 1.006981 0.999529
1.644350e+08 1.016284 1.011719 1.023999 1.014008 0.995639 0.985271 1.005897 0.998427
1.645150e+08 1.015591 1.010884 1.023062 1.013010 0.994491 0.984041 1.004803 0.997317
1.645950e+08 1.014895 1.010041 1.022114 1.012002 0.993340 0.982807 1.003700 0.996200
1.646750e+08 1.014195 1.009192 1.021156 1.010985 0.992187 0.981573 1.002589 0.995077
1.647550e+08 1.013493 1.008336 1.020190 1.009961 0.991035 0.980338 1.001472 0.993950
1.648350e+08 1.012791 1.007477 1.019217 1.008931 0.989883 0.979104 1.000350 0.992818
1.649150e+08 1.012089 1.006614 1.018239 1.007895 0.988735 0.977873 0.999223 0.991684
1.649950e+08 1.011388 1.005749 1.017255 1.006856 0.987590 0.976645 0.998093 0.990549
1.650750e+08 1.010690 1.004883 1.016269 1.005814 0.986450 0.975423 0.996962 0.989413
1.651550e+08 1.009995 1.004018 1.015280 1.004770 0.985317 0.974207 0.995830 0.988279
1.652350e+08 1.009305 1.003154 1.014290 1.003726 0.984191 0.972999 0.994698 0.987146
1.653150e+08 1.008621 1.002293 1.013301 1.002683 0.983075 0.971800 0.993568 0.986017
1.653950e+08 1.007943 1.001436 1.012314 1.001642 0.981969 0.970611 0.992441 0.984891
1.654750e+08 1.007274 1.000584 1.011330 1.000604 0.980875 0.969435 0.991318 0.983772
1.655550e+08 1.006613 0.999739 1.010350 0.999571 0.979793 0.968271 0.990200 0.982659
1.656350e+08 1.005963 0.998901 1.009375 0.998544 0.978726 0.967122 0.989088 0.981553
1.657150e+08 1.005323 0.998071 1.008407 0.997524 0.977674 0.965989 0.987984 0.980457
1.657950e+08 1.004696 0.997252 1.007447 0.996511 0.976638 0.964872 0.986888 0.979370
1.658750e+08 1.004081 0.996444 1.006497 0.995508 0.975621 0.963773 0.985802 0.978294
1.659550e+08 1.003481 0.995648 1.005556 0.994515 0.974622 0.962694 0.984728 0.977230
1.660350e+08 1.002896 0.994865 1.004628 0.993534 0.973643 0.961635 0.983665 0.976180
1.661150e+08 1.002327 0.994097 1.003712 0.992565 0.972685 0.960597 0.982615 0.975143
1.661950e+08 1.001774 0.993344 1.002809 0.991610 0.971749 0.959583 0.981579 0.974121
1.662750e+08 1.001240 0.992607 1.001922 0.990670 0.970837 0.958592 0.980559 0.973116
1.663550e+08 1.000724 0.991889 1.001051 0.989746 0.969949 0.957626 0.979554 0.972127
1.664350e+08 1.000228 0.991189 1.000198 0.988838 0.969085 0.956686 0.978567 0.971156
1.665150e+08 0.999752 0.990509 0.999362 0.987948 0.968248 0.955772 0.977599 0.970204
1.665950e+08 0.999298 0.989849 0.998546 0.987077 0.967438 0.954886 0.976649 0.969272
1.666750e+08 0.998865 0.989211 0.997750 0.986226 0.966655 0.954030 0.975720 0.968360
1.667550e+08 0.998455 0.988596 0.996975 0.985395 0.965902 0.953202 0.974811 0.967469
1.668350e+08 0.998069 0.988004 0.996222 0.984586 0.965177 0.952405 0.973925 0.966601
1.669150e+08 0.997707 0.987436 0.995493 0.983799 0.964483 0.951640 0.973062 0.965755
1.669950e+08 0.997369 0.986894 0.994787 0.983036 0.963819 0.950906 0.972222 0.964933
1.670750e+08 0.997057 0.986377 0.994106 0.982296 0.963187 0.950205 0.971406 0.964135
1.671550e+08 0.996771 0.985888 0.993451 0.981581 0.962587 0.949537 0.970616 0.963362
1.672350e+08 0.996512 0.985425 0.992822 0.980892 0.962019 0.948904 0.969852 0.962614
1.673150e+08 0.996279 0.984991 0.992219 0.980228 0.961485 0.948305 0.969114 0.961892
1.673950e+08 0.996074 0.984586 0.991645 0.979591 0.960984 0.947741 0.968404 0.961197
1.674750e+08 0.995897 0.984210 0.991099 0.978982 0.960517 0.947213 0.967722 0.960528
1.675550e+08 0.995748 0.983864 0.990582 0.978400 0.960085 0.946720 0.967068 0.959887
1.676350e+08 0.995628 0.983548 0.990094 0.977847 0.959687 0.946265 0.966444 0.959274
1.677150e+08 0.995537 0.983264 0.989636 0.977322 0.959324 0.945846 0.965849 0.958689
1.677950e+08 0.995475 0.983011 0.989209 0.976827 0.958996 0.945464 0.965284 0.958133
1.678750e+08 0.995443 0.982790 0.988813 0.976361 0.958704 0.945120 0.964750 0.957606
1.679550e+08 0.995441 0.982601 0.988447 0.975925 0.958447 0.944814 0.964246 0.957107
1.680350e+08 0.995468 0.982445 0.988113 0.975519 0.958226 0.944545 0.963774 0.956638
1.681150e+08 0.995526 0.982322 0.987812 0.975144 0.958040 0.944314 0.963334 0.956199
1.681950e+08 0.995613 0.982232 0.987542 0.974799 0.957891 0.944122 0.962926 0.955789
1.682750e+08 0.995731 0.982176 0.987304 0.974485 0.957776 0.943967 0.962550 0.955408
1.683550e+08 0.995879 0.982153 0.987099 0.974202 0.957697 0.943850 0.962207 0.955058
1.684350e+08 0.996057 0.982164 0.986926 0.973950 0.957654 0.943772 0.961896 0.954737
1.685150e+08 0.996264 0.982209 0.986785 0.973730 0.957645 0.943731 0.961618 0.954445
1.685950e+08 0.996502 0.982287 0.986677 0.973540 0.957671 0.943728 0.961372 0.954184
1.686750e+08 0.996770 0.982400 0.986602 0.973381 0.957732 0.943762 0.961160 0.953952
1.687550e+08 0.997067 0.982546 0.986559 0.973253 0.957827 0.943834 0.960981 0.953749
1.688350e+08 0.997393 0.982726 0.986548 0.973155 0.957956 0.943943 0.960834 0.953575
1.689150e+08 0.997749 0.982939 0.986569 0.973089 0.958118 0.944088 0.960720 0.953430
1.689950e+08 0.998133 0.983186 0.986622 0.973052 0.958314 0.944269 0.960639 0.953314
1.690750e+08 0.998545 0.983467 0.986707 0.973045 0.958541 0.944487 0.960591 0.953226
1.691550e+08 0.998986 0.983780 0.986823 0.973068 0.958801 0.944740 0.960575 0.953166
1.692350e+08 0.999454 0.984125 0.986969 0.973121 0.959092 0.945027 0.960592 0.953133
1.693150e+08 0.999949 0.984503 0.987147 0.973202 0.959413 0.945350 0.960640 0.953128
1.693950e+08 1.000471 0.984913 0.987354 0.973312 0.959765 0.945705 0.960720 0.953150
1.694750e+08 1.001018 0.985355 0.987591 0.973450 0.960146 0.946094 0.960832 0.953197
1.695550e+08 1.001592 0.985828 0.987856 0.973615 0.960556 0.946516 0.960974 0.953271
1.696350e+08 1.002190 0.986331 0.988151 0.973807 0.960993 0.946970 0.961148 0.953369
