  1.67075e+08	    0.000000	    0.000000	    0.000000	    0.000000	    0.000000	    0.000000	    0.000000	    0.000000	
  1.67155e+08	    0.907625	    0.901400	    0.928687	    0.927806	    0.992910	    0.987722	    0.992532	    0.979660	
  1.67235e+08	    1.038214	    1.031399	    1.064390	    1.060228	    1.128313	    1.121344	    1.142920	    1.125348	
  1.67315e+08	    1.077137	    1.068838	    1.103880	    1.099003	    1.166555	    1.161024	    1.183538	    1.164001	
  1.67395e+08	    1.079820	    1.071262	    1.103579	    1.098438	    1.165114	    1.160726	    1.183886	    1.164098	
  1.67475e+08	    1.078298	    1.072866	    1.102533	    1.097594	    1.164167	    1.158296	    1.186697	    1.162584	
  1.67555e+08	    1.080097	    1.072669	    1.103435	    1.098415	    1.165246	    1.159885	    1.183245	    1.164977	
  1.67635e+08	    1.077341	    1.072902	    1.101519	    1.097194	    1.161702	    1.157729	    1.180124	    1.159286	
  1.67715e+08	    1.079049	    1.071585	    1.100751	    1.096528	    1.159394	    1.157746	    1.180005	    1.160861	
  1.67795e+08	    1.079809	    1.074884	    1.102719	    1.097092	    1.159376	    1.157761	    1.181134	    1.158782	
  1.67875e+08	    1.079820	    1.072126	    1.101436	    1.096160	    1.158388	    1.154509	    1.181514	    1.151980	
  1.67955e+08	    1.079426	    1.068678	    1.100666	    1.095311	    1.156444	    1.154694	    1.178260	    1.156635	
  1.68035e+08	    1.079041	    1.067497	    1.099815	    1.093411	    1.155496	    1.154729	    1.177298	    1.159077	
  1.68115e+08	    1.048091	    1.035490	    1.067721	    1.061131	    1.122378	    1.120189	    1.137164	    1.120490	
  1.68195e+08	    0.930253	    0.919584	    0.945746	    0.941092	    1.001302	    0.998555	    1.008311	    0.991402	
  1.68275e+08	    0.000000	    0.000000	    0.000000	    0.000000	    0.000000	    0.000000	    0.000000	    0.000000	
  1.68355e+08	    0.000000	    0.000000	    0.000000	    0.000000	    0.000000	    0.000000	    0.000000	    0.000000	
  1.68435e+08	    0.907230	    0.898148	    0.921151	    0.918335	    0.976731	    0.974615	    0.976649	    0.967020	
  1.68515e+08	    1.036868	    1.027554	    1.056336	    1.052371	    1.110883	    1.107034	    1.122676	    1.111880	
  1.68595e+08	    1.075145	    1.065009	    1.095589	    1.091022	    1.151048	    1.146817	    1.161264	    1.151514	
  1.68675e+08	    1.072689	    1.066482	    1.095612	    1.091957	    1.153214	    1.146825	    1.161655	    1.153191	
  1.68755e+08	    1.074603	    1.066475	    1.094599	    1.091231	    1.151948	    1.146216	    1.161140	    1.152620	
  1.68835e+08	    1.075158	    1.069830	    1.094914	    1.091462	    1.151896	    1.147905	    1.157807	    1.151860	
  1.68915e+08	    1.071775	    1.070715	    1.090981	    1.088462	    1.148131	    1.145600	    1.153582	    1.148339	
  1.68995e+08	    1.075032	    1.070778	    1.090114	    1.088699	    1.145957	    1.142828	    1.152561	    1.144514	
  1.69075e+08	    1.075154	    1.071837	    1.090822	    1.089651	    1.147647	    1.144448	    1.158116	    1.147194	
  1.69155e+08	    1.072541	    1.070865	    1.088974	    1.088871	    1.148089	    1.143578	    1.151793	    1.148492	
  1.69235e+08	    1.071955	    1.070467	    1.088154	    1.089160	    1.148016	    1.141090	    1.151997	    1.150057	
  1.69315e+08	    1.072143	    1.068903	    1.089083	    1.089432	    1.145142	    1.141887	    1.150269	    1.143652	
  1.69395e+08	    1.038551	    1.035995	    1.057444	    1.057329	    1.110437	    1.107830	    1.118279	    1.107826	
  1.69475e+08	    0.923136	    0.920626	    0.937455	    0.938034	    0.991089	    0.986586	    0.987724	    0.981383	
  1.69555e+08	    0.000000	    0.000000	    0.000000	    0.000000	    0.000000	    0.000000	    0.000000	    0.000000	
  1.69635e+08	    0.000000	    0.000000	    0.000000	    0.000000	    0.000000	    0.000000	    0.000000	    0.000000	
  1.69715e+08	    0.899956	    0.896204	    0.914394	    0.915678	    0.968898	    0.964794	    0.965530	    0.955735	
  1.69795e+08	    1.029824	    1.027297	    1.046509	    1.048449	    1.101432	    1.095594	    1.106806	    1.096300	
  1.69875e+08	    1.067862	    1.065994	    1.084907	    1.087878	    1.142288	    1.135736	    1.144287	    1.141746	
  1.69955e+08	    1.068972	    1.067826	    1.086009	    1.088410	    1.140643	    1.137141	    1.146825	    1.144532	
  1.70035e+08	    1.068570	    1.069505	    1.085512	    1.089000	    1.139835	    1.134968	    1.147587	    1.136718	
  1.70115e+08	    1.070449	    1.071894	    1.086272	    1.089864	    1.140799	    1.136342	    1.142808	    1.136549	
  1.70195e+08	    1.069730	    1.071682	    1.084196	    1.087993	    1.139126	    1.131748	    1.134741	    1.131305	
  1.70275e+08	    1.068826	    1.074942	    1.084334	    1.088015	    1.136004	    1.133502	    1.134196	    1.128674	
  1.70355e+08	    1.071186	    1.074347	    1.085694	    1.088948	    1.140501	    1.134822	    1.136484	    1.132259	
  1.70435e+08	    1.070413	    1.074205	    1.083465	    1.087508	    1.137930	    1.133168	    1.134384	    1.134653	
  1.70515e+08	    1.072115	    1.073543	    1.082053	    1.086037	    1.138481	    1.133236	    1.130779	    1.131849	
  1.70595e+08	    1.070530	    1.072629	    1.082027	    1.085626	    1.136964	    1.134731	    1.129621	    1.128761	
  1.70675e+08	    1.039604	    1.039055	    1.050549	    1.054035	    1.104711	    1.100275	    1.094108	    1.101143	
  1.70755e+08	    0.923746	    0.921871	    0.931552	    0.934628	    0.984985	    0.980501	    0.968473	    0.968503	
  1.70835e+08	    0.000000	    0.000000	    0.000000	    0.000000	    0.000000	    0.000000	    0.000000	    0.000000	
  1.70915e+08	    0.000000	    0.000000	    0.000000	    0.000000	    0.000000	    0.000000	    0.000000	    0.000000	
  1.70995e+08	    0.900353	    0.898314	    0.910647	    0.914689	    0.960347	    0.957233	    0.940830	    0.938418	
  1.71075e+08	    1.030037	    1.027915	    1.044150	    1.048117	    1.091211	    1.088268	    1.077662	    1.080943	
  1.71155e+08	    1.067442	    1.065217	    1.083078	    1.086859	    1.133259	    1.127946	    1.118261	    1.119480	
  1.71235e+08	    1.067897	    1.069977	    1.084035	    1.087228	    1.134294	    1.129481	    1.117533	    1.121718	
  1.71315e+08	    1.068186	    1.070930	    1.083245	    1.085867	    1.132891	    1.129626	    1.116759	    1.118883	
  1.71395e+08	    1.070231	    1.073199	    1.083203	    1.086691	    1.133417	    1.129611	    1.119402	    1.121791	
  1.71475e+08	    1.067835	    1.073105	    1.081749	    1.084604	    1.128890	    1.126828	    1.118494	    1.118214	
  1.71555e+08	    1.069489	    1.074498	    1.081222	    1.085215	    1.127866	    1.125862	    1.118458	    1.114504	
  1.71635e+08	    1.070390	    1.077842	    1.082326	    1.086354	    1.130752	    1.126746	    1.120743	    1.119013	
  1.71715e+08	    1.071693	    1.075854	    1.082792	    1.085527	    1.127767	    1.124370	    1.118256	    1.119918	
  1.71795e+08	    1.071302	    1.077025	    1.082081	    1.086280	    1.127354	    1.124608	    1.122742	    1.114584	
  1.71875e+08	    1.071694	    1.075414	    1.082195	    1.086274	    1.128395	    1.123727	    1.120318	    1.124438	
  1.71955e+08	    1.039775	    1.041465	    1.051774	    1.054840	    1.094590	    1.090827	    1.087407	    1.089954	
  1.72035e+08	    0.924490	    0.925978	    0.932228	    0.935563	    0.974283	    0.971720	    0.960885	    0.961720	
  1.72115e+08	    0.000000	    0.000000	    0.000000	    0.000000	    0.000000	    0.000000	    0.000000	    0.000000	
  1.72195e+08	    0.000000	    0.000000	    0.000000	    0.000000	    0.000000	    0.000000	    0.000000	    0.000000	
  1.72275e+08	    0.900329	    0.900151	    0.909012	    0.912974	    0.951719	    0.948475	    0.944523	    0.942515	
  1.72355e+08	    1.029809	    1.029892	    1.042974	    1.045570	    1.084013	    1.078707	    1.074552	    1.079029	
  1.72435e+08	    1.067245	    1.067211	    1.081597	    1.085015	    1.122281	    1.117839	    1.119561	    1.117486	
  1.72515e+08	    1.066496	    1.069610	    1.082930	    1.085893	    1.124295	    1.119851	    1.117339	    1.122865	
  1.72595e+08	    1.065214	    1.069527	    1.082353	    1.086474	    1.122855	    1.117911	    1.115387	    1.120529	
  1.72675e+08	    1.068692	    1.073096	    1.083760	    1.086411	    1.123002	    1.118537	    1.118428	    1.118285	
  1.72755e+08	    1.067450	    1.073449	    1.081006	    1.084968	    1.121999	    1.115198	    1.117000	    1.116722	
  1.72835e+08	    1.067678	    1.075633	    1.081437	    1.083289	    1.119897	    1.114117	    1.109673	    1.112338	
  1.72915e+08	    1.071293	    1.077788	    1.082232	    1.085127	    1.123275	    1.117008	    1.112050	    1.107746	
  1.72995e+08	    1.068904	    1.077405	    1.081302	    1.082890	    1.122458	    1.113820	    1.113158	    1.107367	
  1.73075e+08	    1.071551	    1.076456	    1.080484	    1.081393	    1.119152	    1.114310	    1.110076	    1.108488	
  1.73155e+08	    1.074396	    1.076219	    1.080041	    1.081454	    1.118529	    1.111939	    1.105815	    1.112089	
  1.73235e+08	    1.044607	    1.045080	    1.049839	    1.050516	    1.085582	    1.078462	    1.072836	    1.069426	
  1.73315e+08	    0.927953	    0.925561	    0.930355	    0.931796	    0.966605	    0.962593	    0.951736	    0.950950	
  1.73395e+08	    0.000000	    0.000000	    0.000000	    0.000000	    0.000000	    0.000000	    0.000000	    0.000000	
  1.73475e+08	    0.000000	    0.000000	    0.000000	    0.000000	    0.000000	    0.000000	    0.000000	    0.000000	
  1.73555e+08	    0.907885	    0.901612	    0.911007	    0.911524	    0.939928	    0.935303	    0.920025	    0.922720	
  1.73635e+08	    1.036146	    1.028296	    1.042860	    1.042025	    1.067958	    1.064671	    1.054689	    1.052841	
  1.73715e+08	    1.078272	    1.067160	    1.080807	    1.079924	    1.105910	    1.103267	    1.093732	    1.087438	
  1.73795e+08	    1.077276	    1.069061	    1.080900	    1.080490	    1.106626	    1.102978	    1.095207	    1.095389	
  1.73875e+08	    1.078152	    1.070339	    1.080404	    1.079141	    1.103725	    1.102305	    1.091366	    1.093250	
  1.73955e+08	    1.076994	    1.073285	    1.079945	    1.079738	    1.104986	    1.102297	    1.092141	    1.091536	
  1.74035e+08	    1.074160	    1.073005	    1.078567	    1.078312	    1.101073	    1.100161	    1.091209	    1.089072	
  1.74115e+08	    1.075847	    1.074862	    1.077734	    1.079072	    1.100808	    1.098639	    1.090320	    1.091801	
  1.74195e+08	    1.076145	    1.076824	    1.079410	    1.080395	    1.101672	    1.099757	    1.093893	    1.087950	
  1.74275e+08	    1.074206	    1.078419	    1.078206	    1.079091	    1.098823	    1.097815	    1.090043	    1.086171	
  1.74355e+08	    1.073860	    1.077040	    1.076058	    1.078500	    1.099849	    1.096313	    1.088385	    1.087450	
  1.74435e+08	    1.074329	    1.076184	    1.075942	    1.077918	    1.100192	    1.094605	    1.087422	    1.080584	
  1.74515e+08	    1.043563	    1.044110	    1.043745	    1.046435	    1.067211	    1.062862	    1.053275	    1.054560	
  1.74595e+08	    0.925232	    0.924819	    0.924039	    0.927827	    0.951191	    0.948173	    0.940798	    0.933370	
  1.74675e+08	    0.000000	    0.000000	    0.000000	    0.000000	    0.000000	    0.000000	    0.000000	    0.000000	
  1.74755e+08	    0.000000	    0.000000	    0.000000	    0.000000	    0.000000	    0.000000	    0.000000	    0.000000	
  1.74835e+08	    0.903822	    0.899152	    0.902342	    0.905084	    0.931507	    0.927134	    0.920235	    0.908943	
  1.74915e+08	    1.033383	    1.027504	    1.035447	    1.037115	    1.058570	    1.054730	    1.053829	    1.040182	
  1.74995e+08	    1.069402	    1.064172	    1.073232	    1.075867	    1.098167	    1.093610	    1.091059	    1.081915	
  1.75075e+08	    1.069477	    1.064660	    1.074987	    1.075968	    1.099017	    1.095656	    1.091102	    1.086918	
  1.75155e+08	    1.069693	    1.066506	    1.074657	    1.075122	    1.097468	    1.093032	    1.091783	    1.086238	
  1.75235e+08	    1.072159	    1.068398	    1.075199	    1.074896	    1.096746	    1.094118	    1.089988	    1.080880	
  1.75315e+08	    1.068582	    1.067604	    1.072811	    1.072683	    1.094305	    1.091777	    1.085379	    1.080037	
  1.75395e+08	    1.071853	    1.070333	    1.071795	    1.070777	    1.089292	    1.090169	    1.084416	    1.075241	
  1.75475e+08	    1.074461	    1.071983	    1.072411	    1.070443	    1.093517	    1.090658	    1.088103	    1.084876	
  1.75555e+08	    1.072739	    1.071679	    1.070559	    1.069353	    1.092052	    1.088626	    1.082543	    1.079832	
  1.75635e+08	    1.075165	    1.071262	    1.070391	    1.067518	    1.090423	    1.087885	    1.084724	    1.077480	
  1.75715e+08	    1.074756	    1.071691	    1.070480	    1.067808	    1.088496	    1.087496	    1.083359	    1.077654	
  1.75795e+08	    1.042454	    1.038491	    1.038171	    1.037057	    1.058580	    1.054934	    1.051707	    1.050072	
  1.75875e+08	    0.925937	    0.922143	    0.920733	    0.918762	    0.941691	    0.940306	    0.930411	    0.930969	
  1.75955e+08	    0.000000	    0.000000	    0.000000	    0.000000	    0.000000	    0.000000	    0.000000	    0.000000	
  1.76035e+08	    0.000000	    0.000000	    0.000000	    0.000000	    0.000000	    0.000000	    0.000000	    0.000000	
  1.76115e+08	    0.903059	    0.894824	    0.896084	    0.894022	    0.918157	    0.915506	    0.902662	    0.904110	
  1.76195e+08	    1.030769	    1.021841	    1.025149	    1.022156	    1.043087	    1.039999	    1.036058	    1.036946	
  1.76275e+08	    1.066614	    1.057011	    1.063198	    1.059189	    1.080704	    1.077621	    1.073410	    1.076509	
  1.76355e+08	    1.065307	    1.056649	    1.062739	    1.058801	    1.080155	    1.076837	    1.071854	    1.068343	
  1.76435e+08	    1.065640	    1.057077	    1.060833	    1.058712	    1.077181	    1.075210	    1.067444	    1.068973	
  1.76515e+08	    1.062165	    1.057472	    1.060656	    1.058903	    1.078556	    1.075024	    1.074340	    1.071400	
  1.76595e+08	    1.063722	    1.058233	    1.058351	    1.056396	    1.075257	    1.072951	    1.068679	    1.068726	
  1.76675e+08	    1.060912	    1.057476	    1.057404	    1.057736	    1.075679	    1.070075	    1.068141	    1.062045	
  1.76755e+08	    1.063467	    1.061127	    1.057453	    1.057451	    1.075332	    1.072011	    1.069130	    1.060835	
  1.76835e+08	    1.061182	    1.061300	    1.055676	    1.055409	    1.072906	    1.068897	    1.066246	    1.060881	
  1.76915e+08	    1.063111	    1.061184	    1.054430	    1.054109	    1.071339	    1.069363	    1.064279	    1.058365	
  1.76995e+08	    1.061007	    1.061379	    1.052726	    1.052435	    1.069059	    1.066471	    1.062939	    1.057282	
  1.77075e+08	    1.029712	    1.028219	    1.022025	    1.020763	    1.038671	    1.036360	    1.023374	    1.027677	
  1.77155e+08	    0.913198	    0.911321	    0.904390	    0.904495	    0.925850	    0.923298	    0.905717	    0.909944	
  1.77235e+08	    0.000000	    0.000000	    0.000000	    0.000000	    0.000000	    0.000000	    0.000000	    0.000000	
  1.77315e+08	    0.000000	    0.000000	    0.000000	    0.000000	    0.000000	    0.000000	    0.000000	    0.000000	
  1.77395e+08	    0.890921	    0.883946	    0.881521	    0.882116	    0.904402	    0.903885	    0.890441	    0.893448	
  1.77475e+08	    1.015177	    1.009339	    1.010052	    1.010678	    1.027203	    1.025922	    1.019555	    1.022777	
  1.77555e+08	    1.051385	    1.045036	    1.046889	    1.046744	    1.064909	    1.064698	    1.055531	    1.055776	
  1.77635e+08	    1.050929	    1.044291	    1.047493	    1.046809	    1.065799	    1.064864	    1.060241	    1.058499	
  1.77715e+08	    1.048959	    1.044350	    1.045222	    1.045169	    1.065352	    1.064283	    1.062684	    1.056219	
  1.77795e+08	    1.047875	    1.045235	    1.045037	    1.044819	    1.063605	    1.065205	    1.060555	    1.056602	
  1.77875e+08	    1.045995	    1.044235	    1.041139	    1.041731	    1.060915	    1.061368	    1.057316	    1.053162	
  1.77955e+08	    1.044286	    1.045075	    1.040384	    1.040737	    1.060169	    1.059594	    1.056014	    1.049066	
  1.78035e+08	    1.045369	    1.047500	    1.040488	    1.041360	    1.060336	    1.061413	    1.058263	    1.048892	
  1.78115e+08	    1.045468	    1.048952	    1.039336	    1.039181	    1.059676	    1.059896	    1.056013	    1.052251	
  1.78195e+08	    1.045160	    1.048100	    1.038460	    1.039641	    1.059289	    1.059265	    1.060911	    1.051253	
  1.78275e+08	    1.046860	    1.048264	    1.037036	    1.038991	    1.058354	    1.058029	    1.054031	    1.052823	
  1.78355e+08	    1.014500	    1.018058	    1.006866	    1.008457	    1.025942	    1.027062	    1.023320	    1.025444	
  1.78435e+08	    0.901845	    0.903401	    0.892034	    0.893535	    0.914306	    0.915980	    0.907983	    0.905074	
  1.78515e+08	    0.000000	    0.000000	    0.000000	    0.000000	    0.000000	    0.000000	    0.000000	    0.000000	
  1.78595e+08	    0.000000	    0.000000	    0.000000	    0.000000	    0.000000	    0.000000	    0.000000	    0.000000	
  1.78675e+08	    0.874952	    0.872977	    0.867900	    0.868609	    0.893983	    0.894696	    0.889403	    0.888837	
  1.78755e+08	    1.000827	    0.995025	    0.994263	    0.994693	    1.016831	    1.018269	    1.021080	    1.018555	
  1.78835e+08	    1.036132	    1.031289	    1.030868	    1.030823	    1.053653	    1.054790	    1.058249	    1.056120	
  1.78915e+08	    1.034232	    1.029162	    1.030986	    1.031388	    1.054554	    1.054813	    1.062458	    1.061140	
  1.78995e+08	    1.034366	    1.027053	    1.030012	    1.030554	    1.051638	    1.054094	    1.059684	    1.058765	
  1.79075e+08	    1.032445	    1.029549	    1.030595	    1.031053	    1.052291	    1.053538	    1.055094	    1.055743	
  1.79155e+08	    1.030376	    1.029015	    1.028850	    1.028206	    1.048463	    1.051357	    1.051334	    1.053070	
  1.79235e+08	    1.030012	    1.030468	    1.027704	    1.026354	    1.048410	    1.050858	    1.049355	    1.052600	
  1.79315e+08	    1.030734	    1.031940	    1.027550	    1.026660	    1.049996	    1.050998	    1.054040	    1.053925	
  1.79395e+08	    1.028923	    1.031281	    1.024641	    1.024362	    1.048532	    1.049891	    1.049589	    1.053874	
  1.79475e+08	    1.029275	    1.032891	    1.023123	    1.023767	    1.047204	    1.048459	    1.050175	    1.051461	
  1.79555e+08	    1.027245	    1.032111	    1.022158	    1.022302	    1.045205	    1.046819	    1.049834	    1.051869	
  1.79635e+08	    0.997493	    1.003108	    0.991009	    0.992638	    1.014585	    1.016615	    1.014448	    1.019943	
  1.79715e+08	    0.884383	    0.889356	    0.878053	    0.880199	    0.904889	    0.907796	    0.903682	    0.906680	
  1.79795e+08	    0.000000	    0.000000	    0.000000	    0.000000	    0.000000	    0.000000	    0.000000	    0.000000	
  1.79875e+08	    0.000000	    0.000000	    0.000000	    0.000000	    0.000000	    0.000000	    0.000000	    0.000000	
  1.79955e+08	    0.867175	    0.867592	    0.858103	    0.858441	    0.881138	    0.885936	    0.871958	    0.881318	
  1.80035e+08	    0.992167	    0.988213	    0.983483	    0.982096	    1.000065	    1.004805	    1.005788	    1.010474	
  1.80115e+08	    1.028535	    1.023084	    1.019722	    1.017877	    1.035746	    1.041563	    1.044359	    1.053260	
  1.80195e+08	    1.028011	    1.021442	    1.019576	    1.017375	    1.036987	    1.041602	    1.044015	    1.052247	
  1.80275e+08	    1.026816	    1.020514	    1.018602	    1.015709	    1.036683	    1.041403	    1.039781	    1.051471	
  1.80355e+08	    1.025346	    1.022816	    1.018489	    1.016079	    1.036844	    1.040252	    1.039644	    1.049428	
  1.80435e+08	    1.023926	    1.020255	    1.015879	    1.015278	    1.033410	    1.038111	    1.038026	    1.051882	
  1.80515e+08	    1.022435	    1.023234	    1.015844	    1.016033	    1.029925	    1.037205	    1.041579	    1.046427	
  1.80595e+08	    1.022373	    1.023823	    1.016759	    1.016295	    1.032536	    1.037374	    1.041816	    1.052075	
  1.80675e+08	    1.023065	    1.025412	    1.016141	    1.015352	    1.031281	    1.033891	    1.042184	    1.049590	
  1.80755e+08	    1.022163	    1.026098	    1.015250	    1.016186	    1.030380	    1.033823	    1.040393	    1.044686	
  1.80835e+08	    1.021228	    1.027000	    1.014887	    1.014517	    1.030907	    1.033603	    1.042073	    1.048891	
  1.80915e+08	    0.991815	    0.997490	    0.985822	    0.984808	    0.999763	    1.004508	    1.013636	    1.022148	
  1.80995e+08	    0.881344	    0.886674	    0.873048	    0.872020	    0.890722	    0.895132	    0.894105	    0.900268	
  1.81075e+08	    0.000000	    0.000000	    0.000000	    0.000000	    0.000000	    0.000000	    0.000000	    0.000000	
  1.81155e+08	    0.000000	    0.000000	    0.000000	    0.000000	    0.000000	    0.000000	    0.000000	    0.000000	
  1.81235e+08	    0.862188	    0.861093	    0.851836	    0.850937	    0.866645	    0.871430	    0.867003	    0.874541	
  1.81315e+08	    0.985839	    0.982293	    0.976154	    0.974616	    0.986119	    0.992058	    0.998729	    1.006459	
  1.81395e+08	    1.020220	    1.016900	    1.012710	    1.010978	    1.023098	    1.027728	    1.035338	    1.044755	
  1.81475e+08	    1.020409	    1.016833	    1.013492	    1.012144	    1.023474	    1.027804	    1.031902	    1.041063	
  1.81555e+08	    1.017983	    1.014106	    1.012722	    1.011433	    1.021606	    1.028180	    1.031332	    1.040433	
  1.81635e+08	    1.019559	    1.014705	    1.012872	    1.011761	    1.021998	    1.027467	    1.037208	    1.042724	
  1.81715e+08	    1.015122	    1.014294	    1.010778	    1.009258	    1.019302	    1.024214	    1.032329	    1.042416	
  1.81795e+08	    1.016919	    1.016097	    1.010055	    1.008306	    1.019011	    1.023146	    1.026004	    1.035521	
  1.81875e+08	    1.016690	    1.016923	    1.010921	    1.008218	    1.020042	    1.025912	    1.031314	    1.035452	
  1.81955e+08	    1.014836	    1.019220	    1.008840	    1.006442	    1.017563	    1.024719	    1.029113	    1.033708	
  1.82035e+08	    1.015766	    1.020269	    1.009133	    1.006117	    1.017686	    1.023114	    1.030150	    1.032893	
  1.82115e+08	    1.013808	    1.020644	    1.008059	    1.007081	    1.018094	    1.020972	    1.034576	    1.033356	
  1.82195e+08	    0.986765	    0.992627	    0.978815	    0.977791	    0.986678	    0.991296	    1.002779	    1.002162	
  1.82275e+08	    0.876883	    0.883112	    0.868187	    0.867324	    0.880185	    0.883834	    0.883096	    0.881826	
  1.82355e+08	    0.000000	    0.000000	    0.000000	    0.000000	    0.000000	    0.000000	    0.000000	    0.000000	
  1.82435e+08	    0.000000	    0.000000	    0.000000	    0.000000	    0.000000	    0.000000	    0.000000	    0.000000	
  1.82515e+08	    0.855615	    0.856591	    0.849018	    0.847138	    0.859252	    0.862591	    0.861111	    0.861173	
  1.82595e+08	    0.979511	    0.978525	    0.973388	    0.970052	    0.976245	    0.979256	    0.988269	    0.985112	
  1.82675e+08	    1.016831	    1.010621	    1.008900	    1.006914	    1.011204	    1.015421	    1.025838	    1.020299	
  1.82755e+08	    1.016063	    1.011373	    1.008318	    1.006960	    1.012056	    1.015042	    1.025338	    1.016936	
  1.82835e+08	    1.014827	    1.008363	    1.007839	    1.006688	    1.010325	    1.014270	    1.024321	    1.016756	
  1.82915e+08	    1.014952	    1.010577	    1.008359	    1.007243	    1.012003	    1.015527	    1.027230	    1.021554	
  1.82995e+08	    1.010731	    1.007770	    1.007909	    1.006933	    1.010175	    1.013139	    1.015903	    1.017218	
  1.83075e+08	    1.011859	    1.009588	    1.008286	    1.007855	    1.008918	    1.013040	    1.017078	    1.014233	
  1.83155e+08	    1.014274	    1.012272	    1.009295	    1.008132	    1.010219	    1.014374	    1.018534	    1.012517	
  1.83235e+08	    1.012757	    1.012365	    1.007763	    1.007721	    1.008094	    1.011852	    1.015126	    1.015413	
  1.83315e+08	    1.012985	    1.014754	    1.007975	    1.006005	    1.006086	    1.010257	    1.012419	    1.014992	
  1.83395e+08	    1.015225	    1.017036	    1.006509	    1.005614	    1.006925	    1.009204	    1.011887	    1.011509	
  1.83475e+08	    0.984600	    0.989323	    0.977756	    0.975630	    0.977839	    0.979440	    0.978377	    0.982660	
  1.83555e+08	    0.876208	    0.878891	    0.865711	    0.864833	    0.872574	    0.873594	    0.867462	    0.869901	
  1.83635e+08	    0.000000	    0.000000	    0.000000	    0.000000	    0.000000	    0.000000	    0.000000	    0.000000	
  1.83715e+08	    0.000000	    0.000000	    0.000000	    0.000000	    0.000000	    0.000000	    0.000000	    0.000000	
  1.83795e+08	    0.855329	    0.853600	    0.846046	    0.845484	    0.849480	    0.851355	    0.841090	    0.840358	
  1.83875e+08	    0.979582	    0.975911	    0.970329	    0.968956	    0.965910	    0.967449	    0.965349	    0.966430	
  1.83955e+08	    1.014201	    1.009533	    1.007062	    1.005035	    1.002670	    1.003292	    1.003229	    0.999063	
  1.84035e+08	    1.016880	    1.009409	    1.007717	    1.005573	    1.002506	    1.003388	    1.000993	    1.002691	
  1.84115e+08	    1.012370	    1.008183	    1.007460	    1.004969	    1.001665	    1.002723	    0.997556	    0.998556	
  1.84195e+08	    1.013219	    1.007594	    1.007636	    1.005269	    1.000452	    1.001974	    1.000292	    0.999723	
  1.84275e+08	    1.012072	    1.007030	    1.005657	    1.003117	    0.997824	    0.998549	    0.993190	    1.000343	
  1.84355e+08	    1.008793	    1.008418	    1.006030	    1.003213	    0.997565	    0.996243	    0.992769	    0.997392	
  1.84435e+08	    1.012966	    1.011064	    1.005879	    1.004362	    1.000354	    0.999091	    0.996194	    1.000625	
  1.84515e+08	    1.010869	    1.010764	    1.004243	    1.003341	    0.999231	    0.997120	    0.993267	    0.997546	
  1.84595e+08	    1.008905	    1.013411	    1.003846	    1.003785	    0.999137	    0.996898	    0.987618	    0.994166	
  1.84675e+08	    1.010081	    1.014616	    1.004489	    1.004052	    0.998294	    0.995790	    0.989015	    0.992330	
  1.84755e+08	    0.982318	    0.988301	    0.975537	    0.975536	    0.968041	    0.965867	    0.959352	    0.962274	
  1.84835e+08	    0.872604	    0.878902	    0.864145	    0.864771	    0.861409	    0.859782	    0.851753	    0.852799	
  1.84915e+08	    0.000000	    0.000000	    0.000000	    0.000000	    0.000000	    0.000000	    0.000000	    0.000000	
  1.84995e+08	    0.000000	    0.000000	    0.000000	    0.000000	    0.000000	    0.000000	    0.000000	    0.000000	
  1.85075e+08	    0.851228	    0.854927	    0.842437	    0.843139	    0.843688	    0.841032	    0.829227	    0.826438	
  1.85155e+08	    0.974449	    0.976370	    0.965356	    0.965057	    0.959597	    0.956019	    0.953289	    0.949655	
  1.85235e+08	    1.010836	    1.009620	    1.001605	    1.000873	    0.992701	    0.992371	    0.990360	    0.984184	
  1.85315e+08	    1.009004	    1.008400	    1.002633	    1.001785	    0.992891	    0.989684	    0.987616	    0.986407	
  1.85395e+08	    1.007886	    1.007833	    1.001281	    1.000955	    0.992310	    0.990021	    0.987660	    0.985531	
  1.85475e+08	    1.007373	    1.006431	    1.001920	    1.002072	    0.992930	    0.989789	    0.990016	    0.980486	
  1.85555e+08	    1.006098	    1.005229	    1.000526	    1.000790	    0.990442	    0.987973	    0.988188	    0.986944	
  1.85635e+08	    1.003545	    1.005373	    1.000910	    1.000776	    0.988529	    0.986069	    0.986727	    0.986615	
  1.85715e+08	    1.004464	    1.007957	    1.001801	    1.001439	    0.990843	    0.989183	    0.983135	    0.985275	
  1.85795e+08	    1.002606	    1.008188	    1.000064	    1.000204	    0.990150	    0.987981	    0.982926	    0.986200	
  1.85875e+08	    1.003426	    1.010536	    0.999652	    0.999240	    0.988619	    0.986298	    0.983270	    0.983257	
  1.85955e+08	    1.001287	    1.013191	    0.999070	    0.998622	    0.987787	    0.984974	    0.986882	    0.982970	
  1.86035e+08	    0.973315	    0.985313	    0.969585	    0.969920	    0.959881	    0.955956	    0.960249	    0.952711	
  1.86115e+08	    0.863980	    0.874858	    0.860013	    0.860847	    0.854747	    0.852143	    0.843977	    0.845016	
  1.86195e+08	    0.000000	    0.000000	    0.000000	    0.000000	    0.000000	    0.000000	    0.000000	    0.000000	
  1.86275e+08	    0.000000	    0.000000	    0.000000	    0.000000	    0.000000	    0.000000	    0.000000	    0.000000	
  1.86355e+08	    0.844962	    0.851088	    0.839427	    0.841694	    0.831173	    0.829911	    0.821731	    0.819500	
  1.86435e+08	    0.965973	    0.972904	    0.962621	    0.963256	    0.945925	    0.944126	    0.946371	    0.942566	
  1.86515e+08	    1.003614	    1.007709	    0.998337	    0.998467	    0.980336	    0.977809	    0.976221	    0.974427	
  1.86595e+08	    1.003191	    1.005417	    0.998167	    0.998617	    0.981624	    0.979086	    0.977291	    0.977894	
  1.86675e+08	    1.002785	    1.002812	    0.997396	    0.997503	    0.979820	    0.978695	    0.979948	    0.976582	
  1.86755e+08	    1.002143	    1.002727	    0.997639	    0.997704	    0.980730	    0.979886	    0.983174	    0.980472	
  1.86835e+08	    1.000203	    0.999815	    0.995740	    0.995354	    0.977972	    0.976676	    0.977357	    0.978529	
  1.86915e+08	    0.997786	    1.000361	    0.994843	    0.996103	    0.978717	    0.974533	    0.969338	    0.975200	
  1.86995e+08	    0.999426	    1.000029	    0.996513	    0.997581	    0.977841	    0.974281	    0.974728	    0.977575	
  1.87075e+08	    0.996805	    1.001262	    0.995961	    0.996774	    0.976924	    0.972876	    0.972969	    0.973259	
  1.87155e+08	    0.996803	    1.003693	    0.995065	    0.996614	    0.975366	    0.971517	    0.973722	    0.974664	
  1.87235e+08	    0.998365	    1.005036	    0.994580	    0.996020	    0.976218	    0.970347	    0.970706	    0.971542	
  1.87315e+08	    0.969091	    0.978268	    0.965624	    0.966119	    0.946582	    0.943003	    0.941302	    0.940782	
  1.87395e+08	    0.859160	    0.868540	    0.854922	    0.857143	    0.843899	    0.841006	    0.829714	    0.832855	
  1.87475e+08	    0.000000	    0.000000	    0.000000	    0.000000	    0.000000	    0.000000	    0.000000	    0.000000	
  1.87555e+08	    0.000000	    0.000000	    0.000000	    0.000000	    0.000000	    0.000000	    0.000000	    0.000000	
  1.87635e+08	    0.841888	    0.848228	    0.832819	    0.833741	    0.825575	    0.821799	    0.815061	    0.820104	
  1.87715e+08	    0.963494	    0.969542	    0.953164	    0.954891	    0.939853	    0.935182	    0.929674	    0.939569	
  1.87795e+08	    0.998192	    1.003336	    0.988168	    0.990221	    0.974794	    0.969142	    0.965433	    0.972112	
  1.87875e+08	    0.997907	    1.000916	    0.988533	    0.991669	    0.975310	    0.970092	    0.969046	    0.969730	
  1.87955e+08	    0.995764	    0.998723	    0.987118	    0.989805	    0.972594	    0.970152	    0.971113	    0.970314	
  1.88035e+08	    0.996518	    0.996196	    0.987445	    0.989892	    0.972838	    0.969951	    0.969540	    0.973163	
  1.88115e+08	    0.993775	    0.993966	    0.985573	    0.987692	    0.971031	    0.967029	    0.966802	    0.966900	
  1.88195e+08	    0.990753	    0.992887	    0.983657	    0.986292	    0.970292	    0.967229	    0.969328	    0.964556	
  1.88275e+08	    0.992572	    0.993721	    0.985346	    0.986642	    0.972737	    0.967928	    0.967288	    0.964935	
  1.88355e+08	    0.991361	    0.992330	    0.983182	    0.985035	    0.970530	    0.967466	    0.970695	    0.966732	
  1.88435e+08	    0.988667	    0.994225	    0.982549	    0.984262	    0.968831	    0.967272	    0.970997	    0.965400	
  1.88515e+08	    0.988478	    0.996005	    0.981748	    0.984253	    0.967122	    0.965039	    0.964706	    0.964546	
  1.88595e+08	    0.960228	    0.967942	    0.951932	    0.955578	    0.937753	    0.936560	    0.936608	    0.933070	
  1.88675e+08	    0.850853	    0.860304	    0.844578	    0.848413	    0.836882	    0.834288	    0.832737	    0.826544	
  1.88755e+08	    0.000000	    0.000000	    0.000000	    0.000000	    0.000000	    0.000000	    0.000000	    0.000000	
  1.88835e+08	    0.000000	    0.000000	    0.000000	    0.000000	    0.000000	    0.000000	    0.000000	    0.000000	
  1.88915e+08	    0.834420	    0.841930	    0.822906	    0.825618	    0.817199	    0.814618	    0.807136	    0.807210	
  1.88995e+08	    0.954296	    0.961327	    0.943373	    0.944891	    0.926117	    0.926182	    0.931590	    0.925796	
  1.89075e+08	    0.990062	    0.994402	    0.977935	    0.978024	    0.958393	    0.960037	    0.965860	    0.961581	
  1.89155e+08	    0.988579	    0.992996	    0.978361	    0.978050	    0.960734	    0.960103	    0.969006	    0.963180	
  1.89235e+08	    0.988623	    0.989509	    0.977061	    0.977750	    0.959151	    0.958993	    0.966042	    0.963042	
  1.89315e+08	    0.987981	    0.987968	    0.977435	    0.977897	    0.960231	    0.959525	    0.961855	    0.962524	
  1.89395e+08	    0.984796	    0.983574	    0.975072	    0.976600	    0.958137	    0.957699	    0.959012	    0.960300	
  1.89475e+08	    0.984475	    0.981943	    0.974937	    0.975284	    0.955129	    0.955188	    0.959332	    0.961549	
  1.89555e+08	    0.984184	    0.980521	    0.975246	    0.976903	    0.956279	    0.956547	    0.960781	    0.962608	
  1.89635e+08	    0.982302	    0.981319	    0.973596	    0.975144	    0.954367	    0.954271	    0.956165	    0.960548	
  1.89715e+08	    0.981188	    0.982257	    0.973895	    0.973613	    0.952267	    0.953040	    0.951920	    0.957982	
  1.89795e+08	    0.980371	    0.983855	    0.972644	    0.972607	    0.952413	    0.952094	    0.949811	    0.954261	
  1.89875e+08	    0.951963	    0.956750	    0.943648	    0.943795	    0.924719	    0.924904	    0.925707	    0.924811	
  1.89955e+08	    0.843637	    0.849854	    0.836207	    0.835536	    0.824345	    0.825199	    0.818027	    0.822495	
  1.90035e+08	    0.000000	    0.000000	    0.000000	    0.000000	    0.000000	    0.000000	    0.000000	    0.000000	
  1.90115e+08	    0.000000	    0.000000	    0.000000	    0.000000	    0.000000	    0.000000	    0.000000	    0.000000	
  1.90195e+08	    0.823532	    0.828364	    0.817097	    0.816993	    0.803633	    0.805756	    0.793221	    0.798602	
  1.90275e+08	    0.942809	    0.947223	    0.935803	    0.935509	    0.913953	    0.915337	    0.913352	    0.914634	
  1.90355e+08	    0.978148	    0.981022	    0.970118	    0.970188	    0.947076	    0.948654	    0.950530	    0.944602	
  1.90435e+08	    0.978491	    0.978594	    0.970226	    0.969759	    0.947619	    0.950636	    0.946025	    0.946218	
  1.90515e+08	    0.976278	    0.975288	    0.969079	    0.968879	    0.947139	    0.949909	    0.947347	    0.942706	
  1.90595e+08	    0.974803	    0.972776	    0.969775	    0.969208	    0.947097	    0.949286	    0.950531	    0.937533	
  1.90675e+08	    0.971245	    0.969061	    0.967472	    0.965995	    0.943402	    0.947148	    0.951598	    0.938555	
  1.90755e+08	    0.970621	    0.965462	    0.966045	    0.964688	    0.944149	    0.945809	    0.942949	    0.942293	
  1.90835e+08	    0.971155	    0.966877	    0.966724	    0.965411	    0.945102	    0.947698	    0.945050	    0.940017	
  1.90915e+08	    0.968971	    0.965972	    0.964699	    0.962981	    0.944070	    0.945168	    0.943087	    0.934734	
  1.90995e+08	    0.966979	    0.965957	    0.964317	    0.963169	    0.943390	    0.945595	    0.943308	    0.933160	
  1.91075e+08	    0.966243	    0.967153	    0.963403	    0.963029	    0.941816	    0.944740	    0.947781	    0.934888	
  1.91155e+08	    0.938253	    0.939410	    0.935205	    0.934726	    0.914063	    0.916337	    0.919326	    0.910137	
  1.91235e+08	    0.831765	    0.834298	    0.829002	    0.828956	    0.815396	    0.816860	    0.808717	    0.803296	
  1.91315e+08	    0.000000	    0.000000	    0.000000	    0.000000	    0.000000	    0.000000	    0.000000	    0.000000	
  1.91395e+08	    0.000000	    0.000000	    0.000000	    0.000000	    0.000000	    0.000000	    0.000000	    0.000000	
  1.91475e+08	    0.811133	    0.814035	    0.806492	    0.805293	    0.795170	    0.798851	    0.791202	    0.782421	
  1.91555e+08	    0.928136	    0.930528	    0.923924	    0.922127	    0.903723	    0.908174	    0.915541	    0.905374	
  1.91635e+08	    0.961432	    0.963410	    0.957613	    0.955246	    0.934887	    0.940391	    0.941811	    0.937554	
  1.91715e+08	    0.960226	    0.961577	    0.957684	    0.956204	    0.935955	    0.941024	    0.941826	    0.937517	
  1.91795e+08	    0.959376	    0.958274	    0.956932	    0.955341	    0.934693	    0.940232	    0.944267	    0.940741	
  1.91875e+08	    0.960337	    0.957011	    0.957352	    0.956107	    0.935130	    0.939630	    0.946963	    0.939908	
  1.91955e+08	    0.957341	    0.952913	    0.955956	    0.955042	    0.932812	    0.937319	    0.939170	    0.941025	
  1.92035e+08	    0.955352	    0.949697	    0.956568	    0.953595	    0.932410	    0.937233	    0.934216	    0.944918	
  1.92115e+08	    0.955225	    0.949589	    0.957455	    0.954944	    0.933058	    0.937837	    0.937911	    0.940645	
  1.92195e+08	    0.956406	    0.947071	    0.956197	    0.953331	    0.929719	    0.935751	    0.937805	    0.937157	
  1.92275e+08	    0.952787	    0.948027	    0.954520	    0.952315	    0.929871	    0.934756	    0.938343	    0.939890	
  1.92355e+08	    0.951727	    0.949549	    0.954072	    0.950588	    0.930010	    0.934293	    0.932741	    0.938930	
  1.92435e+08	    0.924884	    0.922998	    0.925670	    0.923706	    0.901326	    0.906611	    0.899056	    0.909195	
  1.92515e+08	    0.818894	    0.819718	    0.820047	    0.817882	    0.804524	    0.808762	    0.799757	    0.802998	
  1.92595e+08	    0.000000	    0.000000	    0.000000	    0.000000	    0.000000	    0.000000	    0.000000	    0.000000	
  1.92675e+08	    0.000000	    0.000000	    0.000000	    0.000000	    0.000000	    0.000000	    0.000000	    0.000000	
  1.92755e+08	    0.801190	    0.802791	    0.801567	    0.800675	    0.786071	    0.789933	    0.777988	    0.783236	
  1.92835e+08	    0.916088	    0.918735	    0.918863	    0.917203	    0.892756	    0.896828	    0.891834	    0.900296	
  1.92915e+08	    0.950198	    0.952030	    0.953240	    0.951454	    0.925748	    0.927964	    0.923637	    0.928980	
  1.92995e+08	    0.951285	    0.952293	    0.954106	    0.950321	    0.926502	    0.929836	    0.927606	    0.933897	
  1.93075e+08	    0.950477	    0.948709	    0.952661	    0.949286	    0.925367	    0.930049	    0.927424	    0.930998	
  1.93155e+08	    0.948756	    0.946962	    0.953100	    0.950148	    0.926095	    0.930517	    0.928810	    0.931868	
  1.93235e+08	    0.948105	    0.943589	    0.950842	    0.948404	    0.924299	    0.927652	    0.923299	    0.932169	
  1.93315e+08	    0.945433	    0.941089	    0.950244	    0.947357	    0.922753	    0.925746	    0.924828	    0.930104	
  1.93395e+08	    0.946615	    0.940250	    0.951161	    0.948804	    0.924000	    0.927833	    0.925010	    0.930628	
  1.93475e+08	    0.943225	    0.939770	    0.950388	    0.947699	    0.922386	    0.926725	    0.929093	    0.932958	
  1.93555e+08	    0.942674	    0.939109	    0.949974	    0.947595	    0.922652	    0.925983	    0.926428	    0.931849	
  1.93635e+08	    0.940963	    0.938857	    0.950374	    0.947409	    0.922151	    0.925782	    0.923124	    0.933596	
  1.93715e+08	    0.912550	    0.914110	    0.922741	    0.919417	    0.894757	    0.899287	    0.898096	    0.906359	
  1.93795e+08	    0.809208	    0.811791	    0.817596	    0.814802	    0.797790	    0.801915	    0.794662	    0.801346	
  1.93875e+08	    0.000000	    0.000000	    0.000000	    0.000000	    0.000000	    0.000000	    0.000000	    0.000000	
  1.93955e+08	    0.000000	    0.000000	    0.000000	    0.000000	    0.000000	    0.000000	    0.000000	    0.000000	
  1.94035e+08	    0.791458	    0.797805	    0.797450	    0.795351	    0.776725	    0.780037	    0.767700	    0.776521	
  1.94115e+08	    0.906615	    0.913025	    0.913381	    0.911813	    0.883068	    0.885590	    0.888029	    0.895344	
  1.94195e+08	    0.941395	    0.945900	    0.946976	    0.945868	    0.916485	    0.919099	    0.925280	    0.929547	
  1.94275e+08	    0.941232	    0.944676	    0.948209	    0.946417	    0.916845	    0.919308	    0.924471	    0.931852	
  1.94355e+08	    0.940448	    0.943107	    0.947174	    0.945455	    0.915951	    0.917283	    0.922417	    0.929692	
  1.94435e+08	    0.941513	    0.941481	    0.948075	    0.945652	    0.915261	    0.916635	    0.922465	    0.924741	
  1.94515e+08	    0.939009	    0.937765	    0.945352	    0.944060	    0.915248	    0.915219	    0.919974	    0.924906	
  1.94595e+08	    0.937804	    0.934324	    0.945004	    0.943893	    0.915420	    0.915509	    0.921533	    0.923405	
  1.94675e+08	    0.937128	    0.934981	    0.945686	    0.943692	    0.918031	    0.915818	    0.921734	    0.927323	
  1.94755e+08	    0.934767	    0.931572	    0.944386	    0.942822	    0.914629	    0.915707	    0.917604	    0.921592	
  1.94835e+08	    0.933836	    0.932167	    0.942963	    0.941816	    0.914350	    0.913190	    0.912157	    0.921661	
  1.94915e+08	    0.931310	    0.932622	    0.942195	    0.942571	    0.914110	    0.911765	    0.917426	    0.920356	
  1.94995e+08	    0.904927	    0.906433	    0.914651	    0.915076	    0.886171	    0.885452	    0.889871	    0.896424	
  1.95075e+08	    0.803009	    0.806187	    0.810023	    0.811541	    0.791231	    0.790050	    0.783494	    0.788736	
  1.95155e+08	    0.000000	    0.000000	    0.000000	    0.000000	    0.000000	    0.000000	    0.000000	    0.000000	
  1.95235e+08	    0.000000	    0.000000	    0.000000	    0.000000	    0.000000	    0.000000	    0.000000	    0.000000	
  1.95315e+08	    0.783204	    0.792243	    0.792319	    0.793732	    0.776440	    0.776080	    0.765894	    0.773193	
  1.95395e+08	    0.896910	    0.907460	    0.908109	    0.908644	    0.882332	    0.882767	    0.885498	    0.887903	
  1.95475e+08	    0.930968	    0.940805	    0.942106	    0.941464	    0.913867	    0.914581	    0.916319	    0.925504	
  1.95555e+08	    0.932198	    0.942728	    0.942326	    0.942209	    0.913745	    0.913141	    0.914378	    0.921639	
  1.95635e+08	    0.931190	    0.938980	    0.941794	    0.941786	    0.912621	    0.912559	    0.912278	    0.924002	
  1.95715e+08	    0.930972	    0.937837	    0.942222	    0.941721	    0.913848	    0.913081	    0.916245	    0.923418	
  1.95795e+08	    0.929723	    0.934431	    0.940672	    0.941037	    0.911550	    0.911736	    0.915383	    0.919761	
  1.95875e+08	    0.928938	    0.931787	    0.940476	    0.940616	    0.910807	    0.911220	    0.915512	    0.918998	
  1.95955e+08	    0.929544	    0.931027	    0.941452	    0.942162	    0.911166	    0.910649	    0.915959	    0.916941	
  1.96035e+08	    0.926823	    0.928390	    0.941121	    0.940670	    0.909886	    0.909129	    0.914938	    0.916786	
  1.96115e+08	    0.928048	    0.927219	    0.941226	    0.940381	    0.908718	    0.909111	    0.918373	    0.912135	
  1.96195e+08	    0.927141	    0.928168	    0.940942	    0.939763	    0.909822	    0.908286	    0.921567	    0.914548	
  1.96275e+08	    0.898969	    0.902890	    0.913265	    0.912469	    0.881575	    0.881755	    0.889110	    0.886484	
  1.96355e+08	    0.797023	    0.802363	    0.808546	    0.808870	    0.786855	    0.786730	    0.784029	    0.782923	
  1.96435e+08	    0.000000	    0.000000	    0.000000	    0.000000	    0.000000	    0.000000	    0.000000	    0.000000	
  1.96515e+08	    0.000000	    0.000000	    0.000000	    0.000000	    0.000000	    0.000000	    0.000000	    0.000000	
  1.96595e+08	    0.779430	    0.789168	    0.790267	    0.791982	    0.769707	    0.769185	    0.766283	    0.761737	
  1.96675e+08	    0.891763	    0.902992	    0.905402	    0.906090	    0.875312	    0.876034	    0.876625	    0.876207	
  1.96755e+08	    0.926196	    0.936540	    0.939219	    0.941152	    0.907208	    0.906875	    0.906449	    0.904180	
  1.96835e+08	    0.927002	    0.936203	    0.940486	    0.941836	    0.906521	    0.907902	    0.908823	    0.902166	
  1.96915e+08	    0.926050	    0.934000	    0.939932	    0.941010	    0.906327	    0.907022	    0.910362	    0.901589	
  1.96995e+08	    0.926249	    0.932493	    0.940154	    0.941441	    0.905571	    0.906797	    0.912885	    0.902836	
  1.97075e+08	    0.924937	    0.929216	    0.938162	    0.939088	    0.901900	    0.903613	    0.904000	    0.898481	
  1.97155e+08	    0.924568	    0.925560	    0.937337	    0.938998	    0.903061	    0.902734	    0.904549	    0.896007	
  1.97235e+08	    0.924941	    0.926183	    0.939067	    0.939500	    0.904428	    0.905735	    0.904151	    0.896766	
  1.97315e+08	    0.922647	    0.922868	    0.936918	    0.938250	    0.903064	    0.903235	    0.907603	    0.896576	
  1.97395e+08	    0.922878	    0.921892	    0.935879	    0.937336	    0.902373	    0.902136	    0.909101	    0.897698	
  1.97475e+08	    0.920834	    0.921914	    0.936297	    0.937827	    0.899535	    0.902585	    0.901447	    0.893739	
  1.97555e+08	    0.893490	    0.896405	    0.909144	    0.910550	    0.873758	    0.874550	    0.869603	    0.866737	
  1.97635e+08	    0.793456	    0.796156	    0.806459	    0.807746	    0.779015	    0.779758	    0.770004	    0.766389	
  1.97715e+08	    0.000000	    0.000000	    0.000000	    0.000000	    0.000000	    0.000000	    0.000000	    0.000000	
