  1.67075e+08	    0.000000	    0.000000	    0.000000	    0.000000	    0.000000	    0.000000	    0.000000	    0.000000	
  1.67155e+08	    0.904239	    0.904551	    0.928799	    0.935919	    0.984847	    0.975842	    0.977424	    0.980759	
  1.67235e+08	    1.034967	    1.035574	    1.061982	    1.069060	    1.115890	    1.110084	    1.132621	    1.133893	
  1.67315e+08	    1.074490	    1.074015	    1.099092	    1.106250	    1.158252	    1.150120	    1.175713	    1.169247	
  1.67395e+08	    1.074328	    1.075447	    1.100093	    1.105930	    1.159612	    1.151163	    1.178443	    1.173640	
  1.67475e+08	    1.071766	    1.074311	    1.097415	    1.104070	    1.161953	    1.149116	    1.176473	    1.171396	
  1.67555e+08	    1.073038	    1.077612	    1.096255	    1.103802	    1.159211	    1.149749	    1.177813	    1.175073	
  1.67635e+08	    1.071407	    1.075177	    1.095261	    1.102574	    1.155807	    1.149420	    1.176320	    1.160743	
  1.67715e+08	    1.069769	    1.077790	    1.095661	    1.100551	    1.155323	    1.147774	    1.171178	    1.158757	
  1.67795e+08	    1.073258	    1.076236	    1.095005	    1.103172	    1.157126	    1.151400	    1.183090	    1.161891	
  1.67875e+08	    1.070406	    1.074532	    1.093789	    1.099347	    1.157937	    1.148589	    1.176397	    1.166563	
  1.67955e+08	    1.068544	    1.072360	    1.093145	    1.100081	    1.154065	    1.147039	    1.180931	    1.162813	
  1.68035e+08	    1.068810	    1.067735	    1.092983	    1.097523	    1.156265	    1.149817	    1.185437	    1.169488	
  1.68115e+08	    1.036923	    1.036796	    1.059583	    1.065514	    1.123195	    1.114894	    1.141202	    1.129858	
  1.68195e+08	    0.919679	    0.921965	    0.938552	    0.943118	    1.001776	    0.993399	    1.015284	    0.992239	
  1.68275e+08	    0.000000	    0.000000	    0.000000	    0.000000	    0.000000	    0.000000	    0.000000	    0.000000	
  1.68355e+08	    0.000000	    0.000000	    0.000000	    0.000000	    0.000000	    0.000000	    0.000000	    0.000000	
  1.68435e+08	    0.897797	    0.899546	    0.915072	    0.921735	    0.977442	    0.971320	    0.985857	    0.975137	
  1.68515e+08	    1.025235	    1.026075	    1.048726	    1.054994	    1.114396	    1.103261	    1.134260	    1.129629	
  1.68595e+08	    1.065574	    1.066446	    1.086250	    1.093117	    1.153875	    1.146807	    1.180940	    1.163475	
  1.68675e+08	    1.067151	    1.069139	    1.086663	    1.093988	    1.157330	    1.146589	    1.176143	    1.163231	
  1.68755e+08	    1.061729	    1.072643	    1.085960	    1.090694	    1.154779	    1.145565	    1.176646	    1.167630	
  1.68835e+08	    1.066500	    1.074293	    1.086358	    1.091871	    1.157116	    1.148777	    1.176583	    1.170788	
  1.68915e+08	    1.064788	    1.071407	    1.083544	    1.090410	    1.151243	    1.147571	    1.168672	    1.161682	
  1.68995e+08	    1.066897	    1.072863	    1.084677	    1.088329	    1.152741	    1.143881	    1.159750	    1.162493	
  1.69075e+08	    1.066002	    1.074716	    1.085405	    1.090481	    1.155385	    1.146610	    1.164668	    1.163252	
  1.69155e+08	    1.064463	    1.071493	    1.085360	    1.090270	    1.153245	    1.147259	    1.165614	    1.164068	
  1.69235e+08	    1.064597	    1.070961	    1.085377	    1.089676	    1.152543	    1.147424	    1.166415	    1.159704	
  1.69315e+08	    1.063779	    1.069707	    1.084873	    1.090270	    1.152589	    1.146792	    1.161623	    1.162007	
  1.69395e+08	    1.033850	    1.039277	    1.054413	    1.059385	    1.118534	    1.114211	    1.129793	    1.123955	
  1.69475e+08	    0.917499	    0.921934	    0.935656	    0.940263	    0.998299	    0.992507	    0.989097	    0.994376	
  1.69555e+08	    0.000000	    0.000000	    0.000000	    0.000000	    0.000000	    0.000000	    0.000000	    0.000000	
  1.69635e+08	    0.000000	    0.000000	    0.000000	    0.000000	    0.000000	    0.000000	    0.000000	    0.000000	
  1.69715e+08	    0.894868	    0.897534	    0.912609	    0.916441	    0.977334	    0.971777	    0.966139	    0.973425	
  1.69795e+08	    1.024428	    1.029494	    1.043207	    1.049279	    1.111442	    1.104713	    1.108088	    1.114196	
  1.69875e+08	    1.061279	    1.068023	    1.083732	    1.086293	    1.149585	    1.146396	    1.149762	    1.157287	
  1.69955e+08	    1.064340	    1.069930	    1.084063	    1.088594	    1.151944	    1.146495	    1.140352	    1.163517	
  1.70035e+08	    1.064983	    1.072117	    1.081037	    1.088296	    1.151422	    1.146556	    1.145707	    1.162044	
  1.70115e+08	    1.063291	    1.073750	    1.082480	    1.090875	    1.153728	    1.146115	    1.146636	    1.161473	
  1.70195e+08	    1.065107	    1.072587	    1.081576	    1.088824	    1.149974	    1.144696	    1.135760	    1.159248	
  1.70275e+08	    1.063849	    1.072292	    1.081627	    1.089488	    1.151240	    1.141910	    1.134977	    1.155862	
  1.70355e+08	    1.065595	    1.076113	    1.083084	    1.088783	    1.154187	    1.148481	    1.141274	    1.160641	
  1.70435e+08	    1.065496	    1.078018	    1.082458	    1.086691	    1.152290	    1.147153	    1.142472	    1.160828	
  1.70515e+08	    1.064872	    1.075204	    1.080006	    1.086017	    1.151445	    1.146734	    1.141425	    1.161043	
  1.70595e+08	    1.063850	    1.074614	    1.079669	    1.085300	    1.152576	    1.145771	    1.139953	    1.164541	
  1.70675e+08	    1.037061	    1.042314	    1.050416	    1.054600	    1.117510	    1.112914	    1.112469	    1.134478	
  1.70755e+08	    0.919551	    0.925009	    0.930480	    0.937493	    0.997949	    0.993150	    0.981205	    1.003731	
  1.70835e+08	    0.000000	    0.000000	    0.000000	    0.000000	    0.000000	    0.000000	    0.000000	    0.000000	
  1.70915e+08	    0.000000	    0.000000	    0.000000	    0.000000	    0.000000	    0.000000	    0.000000	    0.000000	
  1.70995e+08	    0.898321	    0.899535	    0.910049	    0.916403	    0.971186	    0.971499	    0.955035	    0.974528	
  1.71075e+08	    1.024641	    1.029437	    1.045616	    1.051760	    1.105468	    1.102973	    1.105713	    1.123079	
  1.71155e+08	    1.066397	    1.067416	    1.086361	    1.090688	    1.144767	    1.141736	    1.145605	    1.165057	
  1.71235e+08	    1.072178	    1.071163	    1.087245	    1.091246	    1.147472	    1.144030	    1.141858	    1.163844	
  1.71315e+08	    1.069250	    1.074841	    1.087306	    1.089888	    1.144689	    1.142389	    1.143402	    1.154211	
  1.71395e+08	    1.074537	    1.076987	    1.088770	    1.091073	    1.143480	    1.142638	    1.140363	    1.156464	
  1.71475e+08	    1.074867	    1.075181	    1.088279	    1.089918	    1.141574	    1.139607	    1.139003	    1.157073	
  1.71555e+08	    1.074575	    1.077686	    1.090339	    1.090974	    1.139543	    1.140920	    1.142133	    1.149165	
  1.71635e+08	    1.074451	    1.083561	    1.091141	    1.093730	    1.141147	    1.140318	    1.140300	    1.153663	
  1.71715e+08	    1.077486	    1.080168	    1.091593	    1.093449	    1.137427	    1.138297	    1.138533	    1.148082	
  1.71795e+08	    1.077346	    1.081434	    1.091988	    1.093174	    1.138665	    1.139288	    1.141869	    1.147542	
  1.71875e+08	    1.079668	    1.081593	    1.091073	    1.093729	    1.140710	    1.139413	    1.136441	    1.148329	
  1.71955e+08	    1.045251	    1.049610	    1.059226	    1.062006	    1.105122	    1.104840	    1.103107	    1.111314	
  1.72035e+08	    0.927823	    0.932366	    0.938744	    0.941188	    0.987597	    0.984379	    0.974461	    0.976658	
  1.72115e+08	    0.000000	    0.000000	    0.000000	    0.000000	    0.000000	    0.000000	    0.000000	    0.000000	
  1.72195e+08	    0.000000	    0.000000	    0.000000	    0.000000	    0.000000	    0.000000	    0.000000	    0.000000	
  1.72275e+08	    0.904439	    0.907606	    0.914696	    0.920347	    0.965379	    0.962656	    0.943860	    0.952098	
  1.72355e+08	    1.032643	    1.039412	    1.050036	    1.054996	    1.099420	    1.092777	    1.087229	    1.092140	
  1.72435e+08	    1.070808	    1.079369	    1.088603	    1.094934	    1.136340	    1.134686	    1.128721	    1.129387	
  1.72515e+08	    1.073837	    1.079751	    1.089907	    1.095772	    1.140216	    1.133281	    1.133253	    1.124759	
  1.72595e+08	    1.073730	    1.081966	    1.090076	    1.096680	    1.138720	    1.133296	    1.134118	    1.124366	
  1.72675e+08	    1.076455	    1.085011	    1.090851	    1.096637	    1.137953	    1.132693	    1.131980	    1.124502	
  1.72755e+08	    1.073742	    1.082955	    1.089949	    1.095740	    1.134956	    1.132147	    1.132459	    1.119348	
  1.72835e+08	    1.079059	    1.088986	    1.089905	    1.095747	    1.135377	    1.128943	    1.130261	    1.115599	
  1.72915e+08	    1.081700	    1.091539	    1.090752	    1.096046	    1.136580	    1.130286	    1.125868	    1.113671	
  1.72995e+08	    1.082903	    1.088228	    1.090976	    1.095372	    1.133901	    1.128870	    1.131740	    1.112533	
  1.73075e+08	    1.082463	    1.089636	    1.089447	    1.094266	    1.135628	    1.127834	    1.130780	    1.112888	
  1.73155e+08	    1.084930	    1.087837	    1.088535	    1.094981	    1.132913	    1.127371	    1.132290	    1.117414	
  1.73235e+08	    1.053298	    1.055965	    1.058931	    1.063805	    1.098787	    1.093354	    1.095703	    1.077887	
  1.73315e+08	    0.937416	    0.934726	    0.938009	    0.944298	    0.979731	    0.974448	    0.967939	    0.955518	
  1.73395e+08	    0.000000	    0.000000	    0.000000	    0.000000	    0.000000	    0.000000	    0.000000	    0.000000	
  1.73475e+08	    0.000000	    0.000000	    0.000000	    0.000000	    0.000000	    0.000000	    0.000000	    0.000000	
  1.73555e+08	    0.914666	    0.913091	    0.918141	    0.921907	    0.949459	    0.949016	    0.947377	    0.930263	
  1.73635e+08	    1.045461	    1.043067	    1.051647	    1.056934	    1.082213	    1.078171	    1.086895	    1.057073	
  1.73715e+08	    1.087460	    1.082190	    1.090575	    1.094716	    1.118273	    1.117131	    1.127796	    1.105506	
  1.73795e+08	    1.087891	    1.084290	    1.092663	    1.095496	    1.120757	    1.116419	    1.123117	    1.105493	
  1.73875e+08	    1.085702	    1.085780	    1.092238	    1.094764	    1.117019	    1.115658	    1.122297	    1.107707	
  1.73955e+08	    1.085497	    1.086641	    1.092248	    1.096464	    1.117562	    1.114650	    1.126819	    1.108183	
  1.74035e+08	    1.085988	    1.087685	    1.090215	    1.094607	    1.114308	    1.113168	    1.124254	    1.105297	
  1.74115e+08	    1.086459	    1.088027	    1.089755	    1.095039	    1.110038	    1.111705	    1.118045	    1.096731	
  1.74195e+08	    1.088063	    1.091268	    1.093164	    1.097003	    1.112547	    1.107837	    1.118828	    1.109513	
  1.74275e+08	    1.087170	    1.091412	    1.092300	    1.095057	    1.112158	    1.106133	    1.116026	    1.102234	
  1.74355e+08	    1.088843	    1.090169	    1.090475	    1.095317	    1.109354	    1.106884	    1.110573	    1.103953	
  1.74435e+08	    1.091168	    1.089853	    1.091427	    1.094577	    1.109043	    1.102695	    1.110906	    1.094237	
  1.74515e+08	    1.060570	    1.058306	    1.058432	    1.062225	    1.075513	    1.072623	    1.076720	    1.058615	
  1.74595e+08	    0.938176	    0.937318	    0.938283	    0.941472	    0.958110	    0.956147	    0.949989	    0.938646	
  1.74675e+08	    0.000000	    0.000000	    0.000000	    0.000000	    0.000000	    0.000000	    0.000000	    0.000000	
  1.74755e+08	    0.000000	    0.000000	    0.000000	    0.000000	    0.000000	    0.000000	    0.000000	    0.000000	
  1.74835e+08	    0.916129	    0.910023	    0.914527	    0.917965	    0.937766	    0.936288	    0.920176	    0.914737	
  1.74915e+08	    1.047380	    1.038590	    1.048663	    1.050515	    1.065904	    1.061370	    1.054257	    1.043251	
  1.74995e+08	    1.087483	    1.077733	    1.086715	    1.089778	    1.105024	    1.101514	    1.093913	    1.079642	
  1.75075e+08	    1.085176	    1.079430	    1.088063	    1.090106	    1.106420	    1.102211	    1.098441	    1.088342	
  1.75155e+08	    1.087323	    1.079174	    1.087709	    1.088379	    1.103723	    1.102319	    1.095526	    1.086497	
  1.75235e+08	    1.085647	    1.079983	    1.086063	    1.088020	    1.106020	    1.101314	    1.092474	    1.081509	
  1.75315e+08	    1.084280	    1.080513	    1.084429	    1.086104	    1.100073	    1.097140	    1.087786	    1.075871	
  1.75395e+08	    1.085695	    1.084316	    1.080917	    1.082724	    1.098733	    1.095683	    1.091762	    1.070273	
  1.75475e+08	    1.082468	    1.086134	    1.083127	    1.083531	    1.104491	    1.097349	    1.093917	    1.084628	
  1.75555e+08	    1.083716	    1.082766	    1.080965	    1.081182	    1.101660	    1.096745	    1.090177	    1.080640	
  1.75635e+08	    1.085008	    1.083702	    1.079327	    1.080460	    1.099701	    1.094769	    1.084169	    1.077890	
  1.75715e+08	    1.082657	    1.084660	    1.079692	    1.079778	    1.098780	    1.092938	    1.087150	    1.079844	
  1.75795e+08	    1.050462	    1.052586	    1.046932	    1.048389	    1.064100	    1.062425	    1.064466	    1.043850	
  1.75875e+08	    0.931365	    0.931831	    0.928985	    0.928639	    0.945705	    0.945733	    0.935948	    0.929048	
  1.75955e+08	    0.000000	    0.000000	    0.000000	    0.000000	    0.000000	    0.000000	    0.000000	    0.000000	
  1.76035e+08	    0.000000	    0.000000	    0.000000	    0.000000	    0.000000	    0.000000	    0.000000	    0.000000	
  1.76115e+08	    0.905738	    0.903827	    0.904168	    0.904483	    0.920878	    0.918219	    0.908381	    0.899152	
  1.76195e+08	    1.036477	    1.033669	    1.033708	    1.033667	    1.048454	    1.043724	    1.039700	    1.029419	
  1.76275e+08	    1.074345	    1.068383	    1.071185	    1.070088	    1.081722	    1.082529	    1.071270	    1.069163	
  1.76355e+08	    1.072263	    1.070780	    1.070665	    1.069953	    1.083081	    1.081341	    1.075344	    1.064725	
  1.76435e+08	    1.073510	    1.068796	    1.068735	    1.069528	    1.079003	    1.078152	    1.073066	    1.065531	
  1.76515e+08	    1.072223	    1.070445	    1.070016	    1.069805	    1.081055	    1.076977	    1.072362	    1.060985	
  1.76595e+08	    1.068035	    1.072120	    1.068112	    1.068787	    1.077307	    1.074903	    1.069808	    1.063379	
  1.76675e+08	    1.069616	    1.069795	    1.068919	    1.068332	    1.074560	    1.073004	    1.072233	    1.062539	
  1.76755e+08	    1.072198	    1.073333	    1.069459	    1.068803	    1.075281	    1.073864	    1.066960	    1.054240	
  1.76835e+08	    1.074037	    1.072663	    1.067226	    1.067245	    1.071482	    1.069950	    1.058782	    1.059332	
  1.76915e+08	    1.072911	    1.073260	    1.066117	    1.065716	    1.069150	    1.068488	    1.057380	    1.057030	
  1.76995e+08	    1.074238	    1.068841	    1.065393	    1.062882	    1.067132	    1.069172	    1.058527	    1.061447	
  1.77075e+08	    1.042693	    1.039930	    1.034035	    1.031298	    1.035546	    1.035400	    1.026536	    1.036100	
  1.77155e+08	    0.922551	    0.921457	    0.916202	    0.913712	    0.923370	    0.922954	    0.906806	    0.915591	
  1.77235e+08	    0.000000	    0.000000	    0.000000	    0.000000	    0.000000	    0.000000	    0.000000	    0.000000	
  1.77315e+08	    0.000000	    0.000000	    0.000000	    0.000000	    0.000000	    0.000000	    0.000000	    0.000000	
  1.77395e+08	    0.899908	    0.893929	    0.891213	    0.889862	    0.899168	    0.902963	    0.888959	    0.892365	
  1.77475e+08	    1.025363	    1.015138	    1.021233	    1.019177	    1.024038	    1.026421	    1.018532	    1.025784	
  1.77555e+08	    1.062773	    1.053493	    1.058209	    1.055322	    1.059901	    1.064623	    1.053070	    1.058413	
  1.77635e+08	    1.058440	    1.055290	    1.058432	    1.053919	    1.060986	    1.062615	    1.053531	    1.060300	
  1.77715e+08	    1.057583	    1.053391	    1.055749	    1.051954	    1.058804	    1.064440	    1.054729	    1.057573	
  1.77795e+08	    1.058241	    1.055299	    1.055066	    1.050977	    1.057592	    1.063186	    1.057153	    1.062807	
  1.77875e+08	    1.055199	    1.053103	    1.051500	    1.048007	    1.055713	    1.061355	    1.051737	    1.051863	
  1.77955e+08	    1.054418	    1.053795	    1.049288	    1.045681	    1.053005	    1.055814	    1.047459	    1.042997	
  1.78035e+08	    1.055151	    1.055567	    1.050589	    1.046721	    1.054881	    1.057260	    1.048111	    1.048447	
  1.78115e+08	    1.054350	    1.054395	    1.047665	    1.044159	    1.054129	    1.055871	    1.049303	    1.047246	
  1.78195e+08	    1.052121	    1.056560	    1.045914	    1.043388	    1.052063	    1.057145	    1.041688	    1.045724	
  1.78275e+08	    1.052154	    1.054050	    1.045238	    1.042874	    1.052727	    1.055827	    1.047099	    1.049557	
  1.78355e+08	    1.022027	    1.024073	    1.014852	    1.012027	    1.021593	    1.024038	    1.012255	    1.017545	
  1.78435e+08	    0.906030	    0.905940	    0.898333	    0.896417	    0.909174	    0.913148	    0.894773	    0.896772	
  1.78515e+08	    0.000000	    0.000000	    0.000000	    0.000000	    0.000000	    0.000000	    0.000000	    0.000000	
  1.78595e+08	    0.000000	    0.000000	    0.000000	    0.000000	    0.000000	    0.000000	    0.000000	    0.000000	
  1.78675e+08	    0.877765	    0.874454	    0.873146	    0.870953	    0.891138	    0.892130	    0.875947	    0.880286	
  1.78755e+08	    1.004101	    0.998387	    1.000213	    0.995960	    1.012336	    1.013517	    1.005912	    1.005735	
  1.78835e+08	    1.038659	    1.033132	    1.036005	    1.032720	    1.049786	    1.051498	    1.040441	    1.045464	
  1.78915e+08	    1.039299	    1.034183	    1.036306	    1.032881	    1.047386	    1.052101	    1.046655	    1.050679	
  1.78995e+08	    1.037497	    1.032371	    1.035751	    1.031904	    1.045161	    1.050466	    1.045423	    1.042215	
  1.79075e+08	    1.034924	    1.032787	    1.036161	    1.032417	    1.045383	    1.050272	    1.045716	    1.042666	
  1.79155e+08	    1.034611	    1.031786	    1.033482	    1.030118	    1.044917	    1.047447	    1.043208	    1.038698	
  1.79235e+08	    1.030454	    1.032064	    1.032079	    1.029097	    1.044412	    1.047368	    1.041211	    1.033182	
  1.79315e+08	    1.034423	    1.035837	    1.031682	    1.028701	    1.045678	    1.048534	    1.045797	    1.039592	
  1.79395e+08	    1.033188	    1.034030	    1.029276	    1.026751	    1.044396	    1.047129	    1.044033	    1.041995	
  1.79475e+08	    1.031460	    1.034935	    1.027975	    1.025610	    1.044190	    1.047157	    1.040445	    1.038065	
  1.79555e+08	    1.032380	    1.036505	    1.026857	    1.023251	    1.040709	    1.042905	    1.038767	    1.036492	
  1.79635e+08	    1.002242	    1.005049	    0.995162	    0.994223	    1.011843	    1.010770	    1.009950	    1.010490	
  1.79715e+08	    0.889524	    0.891981	    0.882543	    0.882383	    0.900682	    0.902518	    0.894896	    0.894845	
  1.79795e+08	    0.000000	    0.000000	    0.000000	    0.000000	    0.000000	    0.000000	    0.000000	    0.000000	
  1.79875e+08	    0.000000	    0.000000	    0.000000	    0.000000	    0.000000	    0.000000	    0.000000	    0.000000	
  1.79955e+08	    0.871346	    0.867499	    0.860170	    0.860397	    0.879469	    0.882895	    0.875283	    0.867039	
  1.80035e+08	    0.992837	    0.991799	    0.985443	    0.985562	    0.999814	    1.003150	    1.003888	    0.998965	
  1.80115e+08	    1.028969	    1.024709	    1.020423	    1.020463	    1.035699	    1.038178	    1.045857	    1.045893	
  1.80195e+08	    1.029970	    1.024375	    1.020819	    1.020607	    1.035282	    1.037487	    1.041154	    1.040450	
  1.80275e+08	    1.027015	    1.022838	    1.019023	    1.018230	    1.036688	    1.038067	    1.033987	    1.037298	
  1.80355e+08	    1.027685	    1.022083	    1.019708	    1.019491	    1.036034	    1.037764	    1.041901	    1.036532	
  1.80435e+08	    1.023065	    1.024096	    1.017734	    1.016927	    1.032452	    1.037146	    1.037829	    1.036973	
  1.80515e+08	    1.024833	    1.025013	    1.017042	    1.017013	    1.033191	    1.032980	    1.039741	    1.043648	
  1.80595e+08	    1.022698	    1.025776	    1.017060	    1.018759	    1.033035	    1.033264	    1.041156	    1.040850	
  1.80675e+08	    1.023633	    1.026111	    1.015750	    1.016997	    1.033644	    1.032413	    1.046129	    1.039674	
  1.80755e+08	    1.022748	    1.028751	    1.015663	    1.016571	    1.030621	    1.032230	    1.045248	    1.036189	
  1.80835e+08	    1.022290	    1.025953	    1.014542	    1.016254	    1.033088	    1.032463	    1.044608	    1.035631	
  1.80915e+08	    0.992124	    0.998604	    0.984872	    0.987562	    1.003591	    1.002104	    1.015252	    1.008145	
  1.80995e+08	    0.882603	    0.885429	    0.873555	    0.873976	    0.893253	    0.893699	    0.893992	    0.891498	
  1.81075e+08	    0.000000	    0.000000	    0.000000	    0.000000	    0.000000	    0.000000	    0.000000	    0.000000	
  1.81155e+08	    0.000000	    0.000000	    0.000000	    0.000000	    0.000000	    0.000000	    0.000000	    0.000000	
  1.81235e+08	    0.859445	    0.861889	    0.849693	    0.851785	    0.873617	    0.872323	    0.868387	    0.868053	
  1.81315e+08	    0.980423	    0.981131	    0.975186	    0.976774	    0.991857	    0.988613	    1.005245	    1.000895	
  1.81395e+08	    1.017607	    1.016306	    1.011165	    1.013124	    1.027796	    1.027379	    1.033856	    1.038189	
  1.81475e+08	    1.018503	    1.016663	    1.010335	    1.014770	    1.029925	    1.027286	    1.032533	    1.031113	
  1.81555e+08	    1.015353	    1.014092	    1.010983	    1.014214	    1.027090	    1.025752	    1.038117	    1.034140	
  1.81635e+08	    1.015270	    1.013341	    1.012620	    1.014943	    1.027430	    1.024768	    1.038700	    1.036226	
  1.81715e+08	    1.012193	    1.013159	    1.011203	    1.011952	    1.026685	    1.021627	    1.033162	    1.032943	
  1.81795e+08	    1.013689	    1.013763	    1.010591	    1.012579	    1.025679	    1.021859	    1.029797	    1.027351	
  1.81875e+08	    1.015386	    1.019931	    1.010134	    1.010502	    1.027592	    1.025071	    1.029273	    1.028351	
  1.81955e+08	    1.013492	    1.020154	    1.008251	    1.010575	    1.026204	    1.022771	    1.030765	    1.031078	
  1.82035e+08	    1.013049	    1.021783	    1.008286	    1.009332	    1.025845	    1.022492	    1.034806	    1.027349	
  1.82115e+08	    1.014556	    1.022391	    1.006793	    1.009401	    1.025271	    1.024546	    1.035443	    1.030722	
  1.82195e+08	    0.986173	    0.993026	    0.977980	    0.981346	    0.993870	    0.991718	    0.997493	    0.994944	
  1.82275e+08	    0.876462	    0.882316	    0.867904	    0.870350	    0.887263	    0.881150	    0.884360	    0.883001	
  1.82355e+08	    0.000000	    0.000000	    0.000000	    0.000000	    0.000000	    0.000000	    0.000000	    0.000000	
  1.82435e+08	    0.000000	    0.000000	    0.000000	    0.000000	    0.000000	    0.000000	    0.000000	    0.000000	
  1.82515e+08	    0.856400	    0.859993	    0.846993	    0.849821	    0.866523	    0.865020	    0.858799	    0.860123	
  1.82595e+08	    0.977911	    0.981169	    0.970433	    0.975207	    0.983604	    0.979838	    0.987674	    0.995493	
  1.82675e+08	    1.013760	    1.015246	    1.007028	    1.010314	    1.020470	    1.017225	    1.023868	    1.020345	
  1.82755e+08	    1.016317	    1.016602	    1.007222	    1.009697	    1.019916	    1.017706	    1.025477	    1.025641	
  1.82835e+08	    1.014799	    1.014021	    1.005271	    1.010087	    1.020558	    1.016893	    1.024978	    1.029078	
  1.82915e+08	    1.014560	    1.014851	    1.006926	    1.012116	    1.020732	    1.016960	    1.026460	    1.027918	
  1.82995e+08	    1.014824	    1.013932	    1.005968	    1.010717	    1.017993	    1.016105	    1.023266	    1.027626	
  1.83075e+08	    1.011091	    1.013453	    1.008320	    1.011307	    1.015848	    1.013497	    1.019913	    1.019577	
  1.83155e+08	    1.013188	    1.018020	    1.007816	    1.012268	    1.018862	    1.014481	    1.022925	    1.027804	
  1.83235e+08	    1.015368	    1.018356	    1.007449	    1.010903	    1.015802	    1.012667	    1.024811	    1.031788	
  1.83315e+08	    1.013162	    1.020505	    1.006313	    1.010445	    1.015153	    1.009809	    1.020777	    1.025572	
  1.83395e+08	    1.013390	    1.020324	    1.005747	    1.009937	    1.014897	    1.008721	    1.019232	    1.024248	
  1.83475e+08	    0.984985	    0.993736	    0.976173	    0.979295	    0.984600	    0.981613	    0.991304	    0.994442	
  1.83555e+08	    0.875320	    0.881469	    0.864845	    0.867477	    0.878653	    0.875103	    0.879020	    0.875537	
  1.83635e+08	    0.000000	    0.000000	    0.000000	    0.000000	    0.000000	    0.000000	    0.000000	    0.000000	
  1.83715e+08	    0.000000	    0.000000	    0.000000	    0.000000	    0.000000	    0.000000	    0.000000	    0.000000	
  1.83795e+08	    0.854199	    0.859701	    0.844196	    0.847116	    0.857799	    0.853996	    0.852635	    0.848868	
  1.83875e+08	    0.977429	    0.983240	    0.967961	    0.972635	    0.972223	    0.968080	    0.980210	    0.976578	
  1.83955e+08	    1.011593	    1.015223	    1.004261	    1.008147	    1.007678	    1.004192	    1.018873	    1.011548	
  1.84035e+08	    1.012380	    1.012055	    1.005877	    1.008446	    1.010485	    1.006109	    1.024067	    1.010375	
  1.84115e+08	    1.008950	    1.011764	    1.005270	    1.007217	    1.008436	    1.007093	    1.020762	    1.004829	
  1.84195e+08	    1.011799	    1.011802	    1.005254	    1.006251	    1.008563	    1.006307	    1.022248	    1.007595	
  1.84275e+08	    1.008465	    1.010223	    1.002884	    1.004665	    1.007067	    1.004519	    1.013543	    1.007047	
  1.84355e+08	    1.011695	    1.010070	    1.002916	    1.004166	    1.002604	    1.001308	    1.014472	    1.006492	
  1.84435e+08	    1.010834	    1.014696	    1.003605	    1.004798	    1.006246	    1.002722	    1.023582	    1.013682	
  1.84515e+08	    1.008826	    1.013544	    1.003790	    1.004405	    1.006378	    1.001298	    1.013484	    1.007728	
  1.84595e+08	    1.010697	    1.015830	    1.003369	    1.004170	    1.006008	    1.002404	    1.008567	    1.008239	
  1.84675e+08	    1.012474	    1.017566	    1.003248	    1.005142	    1.003308	    1.000048	    1.007189	    0.998988	
  1.84755e+08	    0.982524	    0.987374	    0.975203	    0.976322	    0.975335	    0.970886	    0.980653	    0.970628	
  1.84835e+08	    0.872891	    0.878848	    0.865244	    0.865490	    0.868568	    0.865977	    0.866199	    0.858791	
  1.84915e+08	    0.000000	    0.000000	    0.000000	    0.000000	    0.000000	    0.000000	    0.000000	    0.000000	
  1.84995e+08	    0.000000	    0.000000	    0.000000	    0.000000	    0.000000	    0.000000	    0.000000	    0.000000	
  1.85075e+08	    0.851337	    0.855803	    0.843947	    0.844188	    0.848510	    0.848881	    0.844738	    0.833128	
  1.85155e+08	    0.976207	    0.979339	    0.968020	    0.965840	    0.965052	    0.963914	    0.970080	    0.955893	
  1.85235e+08	    1.011817	    1.013518	    1.004154	    1.002473	    0.999379	    0.998154	    1.002745	    0.989030	
  1.85315e+08	    1.012391	    1.010058	    1.005604	    1.004045	    0.999023	    0.997567	    0.998655	    0.996231	
  1.85395e+08	    1.010442	    1.009096	    1.004543	    1.003530	    0.994078	    0.996128	    0.995333	    0.989969	
  1.85475e+08	    1.012206	    1.006944	    1.006334	    1.004521	    0.996549	    0.996189	    0.992863	    0.991508	
  1.85555e+08	    1.008406	    1.004482	    1.005189	    1.002486	    0.995089	    0.994968	    0.996223	    0.990857	
  1.85635e+08	    1.007902	    1.005602	    1.005429	    1.001125	    0.994693	    0.994179	    0.992937	    0.993322	
  1.85715e+08	    1.009646	    1.008302	    1.008001	    1.002154	    0.994755	    0.995855	    0.994131	    0.990977	
  1.85795e+08	    1.008639	    1.006726	    1.006144	    1.000364	    0.990792	    0.994450	    0.992462	    0.995369	
  1.85875e+08	    1.007615	    1.008348	    1.005684	    0.999163	    0.989931	    0.991702	    0.988902	    0.989189	
  1.85955e+08	    1.007862	    1.011755	    1.004337	    0.998520	    0.989191	    0.988740	    0.985585	    0.994541	
  1.86035e+08	    0.980228	    0.985259	    0.975813	    0.970353	    0.959963	    0.959331	    0.962535	    0.959456	
  1.86115e+08	    0.871619	    0.874406	    0.864986	    0.860140	    0.857576	    0.857419	    0.852690	    0.850516	
  1.86195e+08	    0.000000	    0.000000	    0.000000	    0.000000	    0.000000	    0.000000	    0.000000	    0.000000	
  1.86275e+08	    0.000000	    0.000000	    0.000000	    0.000000	    0.000000	    0.000000	    0.000000	    0.000000	
  1.86355e+08	    0.852889	    0.853290	    0.843844	    0.842710	    0.832693	    0.836596	    0.822212	    0.821638	
  1.86435e+08	    0.975431	    0.975121	    0.968428	    0.964202	    0.947826	    0.949447	    0.948637	    0.947919	
  1.86515e+08	    1.011705	    1.008928	    1.003509	    0.998515	    0.981082	    0.985816	    0.978605	    0.985411	
  1.86595e+08	    1.011957	    1.005759	    1.004319	    0.998628	    0.983828	    0.982846	    0.982050	    0.981775	
  1.86675e+08	    1.008196	    1.002975	    1.002196	    0.997699	    0.983026	    0.982762	    0.973448	    0.983167	
  1.86755e+08	    1.010799	    1.001782	    1.003371	    0.997781	    0.981209	    0.982791	    0.978677	    0.981650	
  1.86835e+08	    1.009041	    0.997773	    1.000312	    0.995280	    0.978930	    0.979338	    0.973798	    0.979011	
  1.86915e+08	    1.005935	    0.997847	    1.000499	    0.995583	    0.976302	    0.975665	    0.971034	    0.984333	
  1.86995e+08	    1.009166	    1.000207	    1.000778	    0.996941	    0.978147	    0.976585	    0.971673	    0.979924	
  1.87075e+08	    1.007365	    1.000317	    1.000241	    0.994665	    0.975267	    0.974503	    0.970137	    0.982259	
  1.87155e+08	    1.004699	    1.002830	    0.999412	    0.994841	    0.976701	    0.973099	    0.970720	    0.982179	
  1.87235e+08	    1.003402	    1.001341	    0.999804	    0.994021	    0.974774	    0.971983	    0.974964	    0.974647	
  1.87315e+08	    0.974611	    0.975659	    0.970550	    0.964643	    0.945710	    0.943787	    0.941404	    0.950269	
  1.87395e+08	    0.867711	    0.867770	    0.859030	    0.855545	    0.842203	    0.840376	    0.830961	    0.835381	
  1.87475e+08	    0.000000	    0.000000	    0.000000	    0.000000	    0.000000	    0.000000	    0.000000	    0.000000	
  1.87555e+08	    0.000000	    0.000000	    0.000000	    0.000000	    0.000000	    0.000000	    0.000000	    0.000000	
  1.87635e+08	    0.848101	    0.849717	    0.835632	    0.836121	    0.824768	    0.823830	    0.814465	    0.818301	
  1.87715e+08	    0.967526	    0.969394	    0.957250	    0.955373	    0.936843	    0.935163	    0.927756	    0.936735	
  1.87795e+08	    1.003527	    1.002978	    0.992483	    0.989604	    0.970478	    0.968462	    0.969265	    0.970584	
  1.87875e+08	    1.002238	    1.001196	    0.992638	    0.991466	    0.969979	    0.968332	    0.966941	    0.965389	
  1.87955e+08	    1.001828	    0.998820	    0.990185	    0.990388	    0.967764	    0.966238	    0.970773	    0.967489	
  1.88035e+08	    1.000377	    0.996974	    0.991452	    0.990731	    0.967860	    0.965160	    0.972818	    0.970856	
  1.88115e+08	    0.996241	    0.994432	    0.989537	    0.988701	    0.962368	    0.962894	    0.959265	    0.965582	
  1.88195e+08	    0.996199	    0.993143	    0.988485	    0.986246	    0.962127	    0.962477	    0.960882	    0.950741	
  1.88275e+08	    0.996108	    0.995920	    0.987835	    0.987160	    0.964453	    0.963180	    0.970725	    0.958142	
  1.88355e+08	    0.995330	    0.993516	    0.986537	    0.985484	    0.960221	    0.960889	    0.959985	    0.959000	
  1.88435e+08	    0.994400	    0.996198	    0.985242	    0.983875	    0.958616	    0.958842	    0.956333	    0.954595	
  1.88515e+08	    0.992566	    0.997256	    0.984967	    0.983075	    0.958015	    0.957069	    0.954559	    0.947046	
  1.88595e+08	    0.963512	    0.968810	    0.955686	    0.956000	    0.927978	    0.928197	    0.926110	    0.918961	
  1.88675e+08	    0.856573	    0.862713	    0.847175	    0.848393	    0.826387	    0.828155	    0.817157	    0.814039	
  1.88755e+08	    0.000000	    0.000000	    0.000000	    0.000000	    0.000000	    0.000000	    0.000000	    0.000000	
  1.88835e+08	    0.000000	    0.000000	    0.000000	    0.000000	    0.000000	    0.000000	    0.000000	    0.000000	
  1.88915e+08	    0.838428	    0.845001	    0.825581	    0.828211	    0.807389	    0.807974	    0.797913	    0.797510	
  1.88995e+08	    0.955347	    0.964695	    0.945471	    0.946647	    0.915422	    0.919444	    0.915242	    0.911264	
  1.89075e+08	    0.991945	    0.996734	    0.979772	    0.979349	    0.949553	    0.950938	    0.952604	    0.948769	
  1.89155e+08	    0.989376	    0.994985	    0.978504	    0.979065	    0.949388	    0.950285	    0.951330	    0.951565	
  1.89235e+08	    0.987574	    0.992772	    0.977094	    0.978421	    0.948624	    0.948990	    0.948701	    0.953404	
  1.89315e+08	    0.990777	    0.987096	    0.977517	    0.978112	    0.948939	    0.949645	    0.950328	    0.951961	
  1.89395e+08	    0.986859	    0.986229	    0.975424	    0.976255	    0.947071	    0.947757	    0.949699	    0.948012	
  1.89475e+08	    0.984299	    0.981282	    0.975636	    0.974740	    0.940809	    0.946703	    0.959752	    0.948336	
  1.89555e+08	    0.984733	    0.982870	    0.975808	    0.975864	    0.946187	    0.945754	    0.948683	    0.949614	
  1.89635e+08	    0.983989	    0.983676	    0.974370	    0.973109	    0.941731	    0.943978	    0.944784	    0.949111	
  1.89715e+08	    0.984096	    0.981962	    0.974039	    0.972378	    0.940166	    0.944020	    0.941597	    0.941290	
  1.89795e+08	    0.982515	    0.982965	    0.972361	    0.970453	    0.941851	    0.943358	    0.940254	    0.940723	
  1.89875e+08	    0.952573	    0.954851	    0.944324	    0.941503	    0.912954	    0.915090	    0.917398	    0.912126	
  1.89955e+08	    0.844962	    0.850096	    0.837456	    0.834486	    0.814249	    0.816906	    0.809557	    0.806569	
  1.90035e+08	    0.000000	    0.000000	    0.000000	    0.000000	    0.000000	    0.000000	    0.000000	    0.000000	
  1.90115e+08	    0.000000	    0.000000	    0.000000	    0.000000	    0.000000	    0.000000	    0.000000	    0.000000	
  1.90195e+08	    0.826823	    0.833392	    0.817404	    0.817396	    0.793961	    0.798098	    0.782165	    0.786860	
  1.90275e+08	    0.943376	    0.948308	    0.935895	    0.935934	    0.901393	    0.905346	    0.900902	    0.901284	
  1.90355e+08	    0.975994	    0.982038	    0.969663	    0.969378	    0.936027	    0.937333	    0.935038	    0.933318	
  1.90435e+08	    0.974629	    0.979926	    0.969907	    0.968936	    0.936813	    0.939358	    0.935839	    0.930669	
  1.90515e+08	    0.977158	    0.977226	    0.967776	    0.966638	    0.933593	    0.937598	    0.928544	    0.926450	
  1.90595e+08	    0.974310	    0.972772	    0.967891	    0.966132	    0.935154	    0.937478	    0.933804	    0.922231	
  1.90675e+08	    0.970617	    0.969660	    0.965876	    0.963916	    0.931140	    0.935693	    0.931061	    0.922178	
  1.90755e+08	    0.969671	    0.965769	    0.964477	    0.961209	    0.930945	    0.934339	    0.927331	    0.922298	
  1.90835e+08	    0.969316	    0.965832	    0.964287	    0.961368	    0.931137	    0.934862	    0.924527	    0.921408	
  1.90915e+08	    0.967046	    0.962749	    0.962197	    0.959924	    0.932029	    0.934578	    0.924101	    0.912839	
  1.90995e+08	    0.965697	    0.962823	    0.961183	    0.959114	    0.929907	    0.933992	    0.930147	    0.910033	
  1.91075e+08	    0.964168	    0.964133	    0.960182	    0.958607	    0.929446	    0.933171	    0.928570	    0.910979	
  1.91155e+08	    0.934624	    0.935757	    0.932070	    0.929999	    0.899623	    0.903794	    0.900576	    0.883745	
  1.91235e+08	    0.831337	    0.832550	    0.826611	    0.823635	    0.803787	    0.807198	    0.791975	    0.786481	
  1.91315e+08	    0.000000	    0.000000	    0.000000	    0.000000	    0.000000	    0.000000	    0.000000	    0.000000	
  1.91395e+08	    0.000000	    0.000000	    0.000000	    0.000000	    0.000000	    0.000000	    0.000000	    0.000000	
  1.91475e+08	    0.809890	    0.815365	    0.804275	    0.803071	    0.785348	    0.790801	    0.771482	    0.767238	
  1.91555e+08	    0.926621	    0.928859	    0.919851	    0.918517	    0.891679	    0.898715	    0.890005	    0.881494	
  1.91635e+08	    0.959060	    0.960904	    0.953032	    0.951227	    0.923217	    0.930543	    0.917315	    0.919241	
  1.91715e+08	    0.958437	    0.960280	    0.952436	    0.952266	    0.923807	    0.930329	    0.926700	    0.916424	
  1.91795e+08	    0.955846	    0.954463	    0.953155	    0.950335	    0.922314	    0.928686	    0.920411	    0.915992	
  1.91875e+08	    0.956067	    0.953484	    0.952226	    0.950456	    0.920884	    0.928644	    0.922395	    0.920416	
  1.91955e+08	    0.953715	    0.949425	    0.950633	    0.948546	    0.920656	    0.925563	    0.920803	    0.914473	
  1.92035e+08	    0.950865	    0.945402	    0.948858	    0.946727	    0.920117	    0.925835	    0.923206	    0.917880	
  1.92115e+08	    0.950825	    0.945597	    0.950959	    0.946914	    0.919190	    0.925663	    0.920369	    0.919292	
  1.92195e+08	    0.949862	    0.942906	    0.949189	    0.945718	    0.917189	    0.923029	    0.921716	    0.922163	
  1.92275e+08	    0.946901	    0.940695	    0.947985	    0.943249	    0.916165	    0.921314	    0.919784	    0.923527	
  1.92355e+08	    0.944175	    0.939518	    0.947220	    0.942925	    0.915536	    0.921713	    0.913744	    0.926325	
  1.92435e+08	    0.917523	    0.915088	    0.918743	    0.913748	    0.889596	    0.894497	    0.886645	    0.896640	
  1.92515e+08	    0.813861	    0.813448	    0.813732	    0.810268	    0.792327	    0.797454	    0.785257	    0.791347	
  1.92595e+08	    0.000000	    0.000000	    0.000000	    0.000000	    0.000000	    0.000000	    0.000000	    0.000000	
  1.92675e+08	    0.000000	    0.000000	    0.000000	    0.000000	    0.000000	    0.000000	    0.000000	    0.000000	
  1.92755e+08	    0.796591	    0.796730	    0.795540	    0.794547	    0.775333	    0.781000	    0.762096	    0.774234	
  1.92835e+08	    0.911674	    0.911856	    0.911325	    0.908957	    0.880722	    0.887681	    0.874938	    0.888881	
  1.92915e+08	    0.944155	    0.944658	    0.944737	    0.942068	    0.913752	    0.918673	    0.912721	    0.919119	
  1.92995e+08	    0.944748	    0.941130	    0.944334	    0.941293	    0.915409	    0.921388	    0.911253	    0.917943	
  1.93075e+08	    0.942086	    0.938445	    0.944162	    0.940248	    0.915080	    0.919161	    0.915660	    0.923065	
  1.93155e+08	    0.941854	    0.934785	    0.944241	    0.939500	    0.913465	    0.921161	    0.911561	    0.921007	
  1.93235e+08	    0.938448	    0.932214	    0.941040	    0.937904	    0.912719	    0.919296	    0.906681	    0.920720	
  1.93315e+08	    0.936113	    0.927698	    0.940678	    0.935950	    0.911432	    0.917676	    0.909896	    0.915695	
  1.93395e+08	    0.935384	    0.928967	    0.941916	    0.936537	    0.914491	    0.918428	    0.916352	    0.914697	
  1.93475e+08	    0.936721	    0.926082	    0.940855	    0.935898	    0.912934	    0.915613	    0.914363	    0.921058	
  1.93555e+08	    0.933014	    0.928296	    0.940529	    0.934771	    0.909414	    0.916176	    0.913810	    0.923845	
  1.93635e+08	    0.934362	    0.925578	    0.941101	    0.935083	    0.909367	    0.916327	    0.914967	    0.923515	
  1.93715e+08	    0.906278	    0.899409	    0.913238	    0.907356	    0.881782	    0.888860	    0.881562	    0.892986	
  1.93795e+08	    0.804477	    0.800540	    0.810677	    0.803938	    0.786759	    0.791236	    0.785643	    0.793208	
  1.93875e+08	    0.000000	    0.000000	    0.000000	    0.000000	    0.000000	    0.000000	    0.000000	    0.000000	
  1.93955e+08	    0.000000	    0.000000	    0.000000	    0.000000	    0.000000	    0.000000	    0.000000	    0.000000	
  1.94035e+08	    0.788175	    0.790398	    0.790865	    0.788541	    0.767258	    0.772662	    0.760741	    0.774867	
  1.94115e+08	    0.899764	    0.903715	    0.906134	    0.903718	    0.871794	    0.878294	    0.874511	    0.889790	
  1.94195e+08	    0.932612	    0.936436	    0.939954	    0.935801	    0.903751	    0.911025	    0.913310	    0.928017	
  1.94275e+08	    0.935562	    0.935928	    0.939451	    0.936647	    0.903608	    0.911263	    0.907346	    0.921035	
  1.94355e+08	    0.934809	    0.933807	    0.939441	    0.936031	    0.901874	    0.910940	    0.909315	    0.925565	
  1.94435e+08	    0.935432	    0.928972	    0.940698	    0.936286	    0.903981	    0.911338	    0.910596	    0.919383	
  1.94515e+08	    0.931631	    0.926222	    0.938757	    0.935126	    0.900791	    0.907820	    0.907608	    0.915685	
  1.94595e+08	    0.928316	    0.922280	    0.937616	    0.933188	    0.901450	    0.907954	    0.901649	    0.915576	
  1.94675e+08	    0.931703	    0.921670	    0.937843	    0.932905	    0.903488	    0.909028	    0.908372	    0.917834	
  1.94755e+08	    0.931081	    0.919236	    0.935691	    0.930746	    0.901608	    0.907287	    0.899776	    0.918941	
  1.94835e+08	    0.926294	    0.918727	    0.935567	    0.929881	    0.901128	    0.906396	    0.898992	    0.917066	
  1.94915e+08	    0.927510	    0.917148	    0.934150	    0.929207	    0.900498	    0.905125	    0.894955	    0.913162	
  1.94995e+08	    0.896780	    0.893737	    0.906346	    0.902261	    0.874121	    0.877973	    0.867851	    0.887716	
  1.95075e+08	    0.796393	    0.794800	    0.803188	    0.800778	    0.779260	    0.783246	    0.766524	    0.787154	
  1.95155e+08	    0.000000	    0.000000	    0.000000	    0.000000	    0.000000	    0.000000	    0.000000	    0.000000	
  1.95235e+08	    0.000000	    0.000000	    0.000000	    0.000000	    0.000000	    0.000000	    0.000000	    0.000000	
  1.95315e+08	    0.780239	    0.788005	    0.786014	    0.785372	    0.765613	    0.773217	    0.743541	    0.770431	
  1.95395e+08	    0.893974	    0.897077	    0.901384	    0.899734	    0.868252	    0.879092	    0.861057	    0.885514	
  1.95475e+08	    0.927184	    0.934715	    0.933742	    0.931616	    0.901109	    0.909563	    0.890356	    0.919087	
  1.95555e+08	    0.927065	    0.932136	    0.933985	    0.933180	    0.901096	    0.909432	    0.886810	    0.917339	
  1.95635e+08	    0.925025	    0.930512	    0.933672	    0.932734	    0.899880	    0.908136	    0.889218	    0.916030	
  1.95715e+08	    0.928164	    0.929212	    0.933721	    0.932719	    0.899711	    0.907423	    0.887923	    0.908769	
  1.95795e+08	    0.924460	    0.924486	    0.931363	    0.932216	    0.899378	    0.905842	    0.890085	    0.906454	
  1.95875e+08	    0.924250	    0.923053	    0.932178	    0.931631	    0.896497	    0.903642	    0.886253	    0.908439	
  1.95955e+08	    0.924735	    0.923408	    0.933228	    0.934045	    0.897155	    0.904603	    0.883802	    0.909455	
  1.96035e+08	    0.923276	    0.918063	    0.932974	    0.933175	    0.894657	    0.902592	    0.888986	    0.906585	
  1.96115e+08	    0.920988	    0.918436	    0.932697	    0.932871	    0.894580	    0.901012	    0.884349	    0.904920	
  1.96195e+08	    0.920607	    0.915922	    0.932066	    0.932487	    0.893599	    0.900474	    0.891993	    0.909519	
  1.96275e+08	    0.892385	    0.891023	    0.904279	    0.904527	    0.868502	    0.872566	    0.866342	    0.878254	
  1.96355e+08	    0.791040	    0.793267	    0.801856	    0.802666	    0.773251	    0.778168	    0.762141	    0.775741	
  1.96435e+08	    0.000000	    0.000000	    0.000000	    0.000000	    0.000000	    0.000000	    0.000000	    0.000000	
  1.96515e+08	    0.000000	    0.000000	    0.000000	    0.000000	    0.000000	    0.000000	    0.000000	    0.000000	
  1.96595e+08	    0.773731	    0.782804	    0.782116	    0.789206	    0.757751	    0.765488	    0.749147	    0.765825	
  1.96675e+08	    0.882932	    0.898008	    0.896367	    0.902221	    0.863045	    0.867331	    0.860540	    0.872656	
  1.96755e+08	    0.916342	    0.929394	    0.927310	    0.935214	    0.894306	    0.900789	    0.890035	    0.906225	
  1.96835e+08	    0.915161	    0.927496	    0.929397	    0.935255	    0.893273	    0.900981	    0.893315	    0.909764	
  1.96915e+08	    0.914705	    0.924990	    0.929544	    0.933853	    0.893742	    0.899707	    0.899861	    0.907054	
  1.96995e+08	    0.917704	    0.923202	    0.929371	    0.933218	    0.891161	    0.899187	    0.897355	    0.910180	
  1.97075e+08	    0.913520	    0.919659	    0.926265	    0.930500	    0.892188	    0.897562	    0.894239	    0.905320	
  1.97155e+08	    0.911703	    0.913489	    0.926080	    0.928429	    0.889753	    0.898307	    0.889718	    0.899093	
  1.97235e+08	    0.912964	    0.914158	    0.925400	    0.929067	    0.890590	    0.897259	    0.890689	    0.907949	
  1.97315e+08	    0.910675	    0.911606	    0.924062	    0.926677	    0.891385	    0.894839	    0.892802	    0.902474	
  1.97395e+08	    0.908375	    0.910150	    0.922966	    0.927131	    0.889274	    0.894385	    0.890739	    0.901315	
  1.97475e+08	    0.909323	    0.909896	    0.924174	    0.926584	    0.888370	    0.891902	    0.888535	    0.900615	
  1.97555e+08	    0.879300	    0.883354	    0.897120	    0.900657	    0.861405	    0.866544	    0.857813	    0.874144	
  1.97635e+08	    0.782520	    0.785711	    0.795577	    0.798342	    0.767635	    0.772435	    0.759278	    0.771826	
  1.97715e+08	    0.000000	    0.000000	    0.000000	    0.000000	    0.000000	    0.000000	    0.000000	    0.000000	
