1.389950e+08 0.994631 0.992344 0.949070 0.945857 0.984011 0.979980 0.969358 0.962445
1.390750e+08 0.994046 0.991762 0.949119 0.945942 0.983747 0.979878 0.969181 0.962420
1.391550e+08 0.993449 0.991167 0.949151 0.946010 0.983468 0.979758 0.968994 0.962380
1.392350e+08 0.992841 0.990560 0.949166 0.946061 0.983176 0.979622 0.968798 0.962326
1.393150e+08 0.992223 0.989942 0.949166 0.946096 0.982873 0.979472 0.968595 0.962258
1.393950e+08 0.991598 0.989316 0.949152 0.946118 0.982560 0.979308 0.968386 0.962179
1.394750e+08 0.990966 0.988681 0.949126 0.946127 0.982238 0.979132 0.968172 0.962089
1.395550e+08 0.990330 0.988041 0.949088 0.946125 0.981909 0.978946 0.967954 0.961991
1.396350e+08 0.989689 0.987396 0.949040 0.946112 0.981575 0.978750 0.967735 0.961884
1.397150e+08 0.989047 0.986748 0.948984 0.946090 0.981236 0.978546 0.967514 0.961771
1.397950e+08 0.988403 0.986099 0.948920 0.946061 0.980895 0.978336 0.967294 0.961652
1.398750e+08 0.987761 0.985449 0.948850 0.946025 0.980553 0.978120 0.967077 0.961530
1.399550e+08 0.987120 0.984801 0.948775 0.945984 0.980212 0.977900 0.966862 0.961405
1.400350e+08 0.986484 0.984155 0.948698 0.945940 0.979872 0.977678 0.966652 0.961279
1.401150e+08 0.985852 0.983514 0.948618 0.945893 0.979536 0.977454 0.966448 0.961153
1.401950e+08 0.985228 0.982878 0.948537 0.945846 0.979204 0.977231 0.966251 0.961028
1.402750e+08 0.984611 0.982250 0.948457 0.945798 0.978879 0.977009 0.966063 0.960906
1.403550e+08 0.984003 0.981630 0.948380 0.945753 0.978562 0.976791 0.965884 0.960788
1.404350e+08 0.983406 0.981021 0.948305 0.945710 0.978254 0.976576 0.965716 0.960675
1.405150e+08 0.982822 0.980423 0.948236 0.945671 0.977957 0.976367 0.965561 0.960569
1.405950e+08 0.982251 0.979838 0.948172 0.945638 0.977671 0.976165 0.965419 0.960471
1.406750e+08 0.981695 0.979267 0.948116 0.945612 0.977399 0.975972 0.965291 0.960382
1.407550e+08 0.981155 0.978711 0.948068 0.945594 0.977142 0.975788 0.965179 0.960303
1.408350e+08 0.980632 0.978173 0.948031 0.945586 0.976901 0.975614 0.965085 0.960236
1.409150e+08 0.980128 0.977652 0.948004 0.945587 0.976677 0.975453 0.965007 0.960181
1.409950e+08 0.979644 0.977152 0.947990 0.945601 0.976472 0.975305 0.964949 0.960140
1.410750e+08 0.979181 0.976671 0.947989 0.945628 0.976287 0.975171 0.964911 0.960114
1.411550e+08 0.978740 0.976213 0.948003 0.945669 0.976123 0.975053 0.964894 0.960105
1.412350e+08 0.978322 0.975778 0.948033 0.945725 0.975980 0.974952 0.964899 0.960112
1.413150e+08 0.977929 0.975367 0.948080 0.945797 0.975861 0.974869 0.964926 0.960138
1.413950e+08 0.977561 0.974981 0.948144 0.945887 0.975766 0.974804 0.964977 0.960183
1.414750e+08 0.977220 0.974621 0.948228 0.945995 0.975696 0.974760 0.965053 0.960247
1.415550e+08 0.976906 0.974288 0.948332 0.946122 0.975653 0.974736 0.965154 0.960333
1.416350e+08 0.976620 0.973983 0.948457 0.946270 0.975636 0.974735 0.965281 0.960441
1.417150e+08 0.976363 0.973708 0.948604 0.946440 0.975648 0.974756 0.965434 0.960572
1.417950e+08 0.976136 0.973462 0.948774 0.946631 0.975688 0.974800 0.965614 0.960726
1.418750e+08 0.975939 0.973247 0.948967 0.946846 0.975757 0.974869 0.965823 0.960905
1.419550e+08 0.975774 0.973063 0.949185 0.947084 0.975857 0.974963 0.966059 0.961109
1.420350e+08 0.975640 0.972911 0.949428 0.947347 0.975988 0.975083 0.966325 0.961338
1.421150e+08 0.975539 0.972792 0.949698 0.947635 0.976150 0.975230 0.966619 0.961594
1.421950e+08 0.975470 0.972705 0.949993 0.947948 0.976343 0.975404 0.966944 0.961876
1.422750e+08 0.975435 0.972653 0.950316 0.948289 0.976570 0.975605 0.967298 0.962186
1.423550e+08 0.975434 0.972635 0.950666 0.948656 0.976828 0.975835 0.967682 0.962524
1.424350e+08 0.975467 0.972651 0.951045 0.949051 0.977121 0.976093 0.968097 0.962889
1.425150e+08 0.975535 0.972703 0.951452 0.949474 0.977446 0.976381 0.968542 0.963284
1.425950e+08 0.975637 0.972789 0.951889 0.949925 0.977805 0.976697 0.969017 0.963707
1.426750e+08 0.975774 0.972911 0.952354 0.950404 0.978198 0.977044 0.969524 0.964160
1.427550e+08 0.975946 0.973068 0.952850 0.950913 0.978625 0.977420 0.970061 0.964641
1.428350e+08 0.976153 0.973261 0.953375 0.951451 0.979085 0.977827 0.970628 0.965152
1.429150e+08 0.976395 0.973490 0.953930 0.952018 0.979580 0.978264 0.971226 0.965693
1.429950e+08 0.976672 0.973754 0.954515 0.952615 0.980108 0.978731 0.971854 0.966263
1.430750e+08 0.976984 0.974054 0.955130 0.953241 0.980670 0.979228 0.972512 0.966863
1.431550e+08 0.977330 0.974389 0.955776 0.953896 0.981265 0.979756 0.973200 0.967492
1.432350e+08 0.977711 0.974760 0.956451 0.954581 0.981894 0.980313 0.973917 0.968150
1.433150e+08 0.978125 0.975165 0.957157 0.955295 0.982555 0.980901 0.974663 0.968837
1.433950e+08 0.978574 0.975605 0.957892 0.956039 0.983249 0.981518 0.975438 0.969553
1.434750e+08 0.979055 0.976080 0.958657 0.956811 0.983974 0.982164 0.976241 0.970298
1.435550e+08 0.979570 0.976588 0.959451 0.957612 0.984731 0.982840 0.977070 0.971070
1.436350e+08 0.980117 0.977129 0.960275 0.958441 0.985519 0.983544 0.977927 0.971871
1.437150e+08 0.980695 0.977703 0.961126 0.959298 0.986337 0.984276 0.978810 0.972698
1.437950e+08 0.981304 0.978309 0.962006 0.960183 0.987185 0.985036 0.979718 0.973553
1.438750e+08 0.981944 0.978947 0.962913 0.961095 0.988061 0.985823 0.980651 0.974433
1.439550e+08 0.982613 0.979615 0.963847 0.962032 0.988965 0.986637 0.981608 0.975339
1.440350e+08 0.983311 0.980314 0.964807 0.962996 0.989897 0.987476 0.982588 0.976269
1.441150e+08 0.984037 0.981041 0.965793 0.963985 0.990854 0.988340 0.983590 0.977224
1.441950e+08 0.984790 0.981796 0.966804 0.964998 0.991837 0.989229 0.984613 0.978202
1.442750e+08 0.985569 0.982579 0.967839 0.966035 0.992844 0.990141 0.985656 0.979203
1.443550e+08 0.986373 0.983388 0.968898 0.967095 0.993874 0.991076 0.986719 0.980225
1.444350e+08 0.987201 0.984223 0.969978 0.968176 0.994926 0.992032 0.987799 0.981268
1.445150e+08 0.988052 0.985081 0.971081 0.969279 0.995999 0.993009 0.988897 0.982330
1.445950e+08 0.988925 0.985963 0.972204 0.970402 0.997092 0.994005 0.990010 0.983412
1.446750e+08 0.989819 0.986866 0.973347 0.971544 0.998203 0.995021 0.991139 0.984511
1.447550e+08 0.990732 0.987791 0.974508 0.972704 0.999332 0.996054 0.992280 0.985627
1.448350e+08 0.991663 0.988735 0.975687 0.973882 1.000476 0.997103 0.993435 0.986758
1.449150e+08 0.992611 0.989697 0.976882 0.975075 1.001635 0.998168 0.994600 0.987904
1.449950e+08 0.993575 0.990676 0.978092 0.976283 1.002808 0.999246 0.995775 0.989063
1.450750e+08 0.994553 0.991671 0.979317 0.977505 1.003992 1.000338 0.996958 0.990234
1.451550e+08 0.995544 0.992680 0.980554 0.978740 1.005186 1.001441 0.998149 0.991416
1.452350e+08 0.996547 0.993702 0.981803 0.979986 1.006390 1.002555 0.999346 0.992608
1.453150e+08 0.997559 0.994736 0.983062 0.981241 1.007601 1.003678 1.000547 0.993808
1.453950e+08 0.998581 0.995779 0.984330 0.982506 1.008818 1.004808 1.001751 0.995015
1.454750e+08 0.999610 0.996832 0.985606 0.983778 1.010040 1.005945 1.002958 0.996228
1.455550e+08 1.000645 0.997891 0.986888 0.985057 1.011264 1.007087 1.004164 0.997445
1.456350e+08 1.001685 0.998956 0.988176 0.986340 1.012490 1.008232 1.005370 0.998665
1.457150e+08 1.002728 1.000026 0.989467 0.987626 1.013716 1.009380 1.006573 0.999887
1.457950e+08 1.003772 1.001098 0.990760 0.988915 1.014941 1.010529 1.007773 1.001110
1.458750e+08 1.004816 1.002172 0.992054 0.990205 1.016162 1.011677 1.008967 1.002331
1.459550e+08 1.005858 1.003245 0.993348 0.991494 1.017379 1.012823 1.010155 1.003550
1.460350e+08 1.006898 1.004316 0.994640 0.992781 1.018589 1.013966 1.011335 1.004765
1.461150e+08 1.007934 1.005385 0.995928 0.994064 1.019791 1.015104 1.012506 1.005975
1.461950e+08 1.008963 1.006448 0.997212 0.995343 1.020985 1.016235 1.013665 1.007179
1.462750e+08 1.009985 1.007505 0.998490 0.996616 1.022167 1.017359 1.014813 1.008375
1.463550e+08 1.010998 1.008554 0.999760 0.997881 1.023337 1.018474 1.015948 1.009561
1.464350e+08 1.012002 1.009594 1.001021 0.999137 1.024493 1.019579 1.017068 1.010737
1.465150e+08 1.012993 1.010624 1.002271 1.000382 1.025633 1.020672 1.018171 1.011901
1.465950e+08 1.013971 1.011641 1.003510 1.001617 1.026757 1.021751 1.019258 1.013051
1.466750e+08 1.014935 1.012645 1.004736 1.002838 1.027863 1.022816 1.020325 1.014187
1.467550e+08 1.015883 1.013633 1.005947 1.004044 1.028948 1.023865 1.021373 1.015307
1.468350e+08 1.016814 1.014605 1.007143 1.005235 1.030013 1.024896 1.022400 1.016410
1.469150e+08 1.017726 1.015559 1.008321 1.006410 1.031055 1.025909 1.023405 1.017494
1.469950e+08 1.018618 1.016495 1.009481 1.007565 1.032073 1.026903 1.024386 1.018558
1.470750e+08 1.019489 1.017409 1.010622 1.008702 1.033066 1.027875 1.025342 1.019602
1.471550e+08 1.020338 1.018302 1.011741 1.009817 1.034033 1.028825 1.026273 1.020624
1.472350e+08 1.021163 1.019172 1.012839 1.010911 1.034971 1.029751 1.027177 1.021622
1.473150e+08 1.021964 1.020018 1.013912 1.011982 1.035882 1.030653 1.028054 1.022596
1.473950e+08 1.022739 1.020839 1.014962 1.013028 1.036762 1.031529 1.028901 1.023544
1.474750e+08 1.023487 1.021633 1.015986 1.014050 1.037611 1.032378 1.029719 1.024466
1.475550e+08 1.024206 1.022399 1.016983 1.015044 1.038427 1.033199 1.030507 1.025361
1.476350e+08 1.024897 1.023137 1.017952 1.016012 1.039211 1.033991 1.031262 1.026227
1.477150e+08 1.025558 1.023845 1.018893 1.016951 1.039960 1.034753 1.031986 1.027063
1.477950e+08 1.026188 1.024522 1.019804 1.017861 1.040675 1.035485 1.032677 1.027870
1.478750e+08 1.026787 1.025168 1.020685 1.018741 1.041353 1.036185 1.033334 1.028645
1.479550e+08 1.027353 1.025782 1.021534 1.019589 1.041995 1.036852 1.033957 1.029388
1.480350e+08 1.027886 1.026363 1.022351 1.020406 1.042599 1.037486 1.034544 1.030099
1.481150e+08 1.028385 1.026909 1.023135 1.021190 1.043165 1.038087 1.035096 1.030776
1.481950e+08 1.028849 1.027421 1.023885 1.021941 1.043692 1.038652 1.035612 1.031419
1.482750e+08 1.029278 1.027898 1.024600 1.022659 1.044179 1.039182 1.036092 1.032028
1.483550e+08 1.029671 1.028338 1.025281 1.023341 1.044627 1.039677 1.036534 1.032602
1.484350e+08 1.030029 1.028743 1.025926 1.023989 1.045034 1.040135 1.036940 1.033140
1.485150e+08 1.030349 1.029110 1.026535 1.024600 1.045400 1.040556 1.037308 1.033641
1.485950e+08 1.030633 1.029440 1.027107 1.025176 1.045725 1.040941 1.037638 1.034107
1.486750e+08 1.030879 1.029733 1.027642 1.025716 1.046009 1.041287 1.037930 1.034535
1.487550e+08 1.031088 1.029987 1.028140 1.026219 1.046251 1.041596 1.038184 1.034927
1.488350e+08 1.031259 1.030204 1.028601 1.026685 1.046452 1.041867 1.038400 1.035281
1.489150e+08 1.031392 1.030382 1.029024 1.027113 1.046610 1.042100 1.038577 1.035598
1.489950e+08 1.031487 1.030521 1.029408 1.027505 1.046726 1.042294 1.038717 1.035877
1.490750e+08 1.031545 1.030622 1.029755 1.027859 1.046801 1.042450 1.038818 1.036119
1.491550e+08 1.031564 1.030685 1.030063 1.028175 1.046834 1.042568 1.038882 1.036323
1.492350e+08 1.031546 1.030709 1.030334 1.028454 1.046825 1.042647 1.038908 1.036490
1.493150e+08 1.031491 1.030694 1.030566 1.028696 1.046774 1.042688 1.038897 1.036619
1.493950e+08 1.031398 1.030642 1.030761 1.028900 1.046683 1.042692 1.038849 1.036712
1.494750e+08 1.031267 1.030551 1.030918 1.029067 1.046551 1.042658 1.038764 1.036767
1.495550e+08 1.031101 1.030423 1.031037 1.029198 1.046379 1.042586 1.038643 1.036786
1.496350e+08 1.030898 1.030258 1.031119 1.029292 1.046166 1.042477 1.038487 1.036768
1.497150e+08 1.030659 1.030056 1.031164 1.029350 1.045915 1.042332 1.038295 1.036715
1.497950e+08 1.030385 1.029818 1.031174 1.029373 1.045625 1.042151 1.038069 1.036626
1.498750e+08 1.030076 1.029544 1.031147 1.029360 1.045296 1.041934 1.037809 1.036502
1.499550e+08 1.029734 1.029235 1.031084 1.029313 1.044931 1.041682 1.037516 1.036344
1.500350e+08 1.029358 1.028892 1.030988 1.029232 1.044529 1.041395 1.037190 1.036152
1.501150e+08 1.028949 1.028515 1.030856 1.029117 1.044091 1.041076 1.036833 1.035927
1.501950e+08 1.028509 1.028104 1.030692 1.028969 1.043618 1.040723 1.036445 1.035670
1.502750e+08 1.028038 1.027662 1.030495 1.028790 1.043111 1.040338 1.036028 1.035382
1.503550e+08 1.027537 1.027189 1.030266 1.028580 1.042572 1.039922 1.035581 1.035063
1.504350e+08 1.027006 1.026685 1.030006 1.028339 1.042001 1.039475 1.035107 1.034714
1.505150e+08 1.026448 1.026152 1.029716 1.028069 1.041398 1.038999 1.034605 1.034336
1.505950e+08 1.025863 1.025590 1.029396 1.027770 1.040766 1.038495 1.034078 1.033930
1.506750e+08 1.025252 1.025002 1.029049 1.027444 1.040106 1.037963 1.033526 1.033497
1.507550e+08 1.024615 1.024387 1.028674 1.027091 1.039418 1.037405 1.032950 1.033039
1.508350e+08 1.023956 1.023747 1.028273 1.026713 1.038705 1.036822 1.032353 1.032555
1.509150e+08 1.023273 1.023083 1.027847 1.026311 1.037966 1.036215 1.031733 1.032048
1.509950e+08 1.022570 1.022397 1.027397 1.025886 1.037204 1.035585 1.031094 1.031518
1.510750e+08 1.021847 1.021689 1.026925 1.025438 1.036420 1.034933 1.030436 1.030967
1.511550e+08 1.021105 1.020961 1.026431 1.024970 1.035616 1.034260 1.029761 1.030395
1.512350e+08 1.020345 1.020215 1.025917 1.024482 1.034792 1.033569 1.029069 1.029805
1.513150e+08 1.019570 1.019451 1.025384 1.023976 1.033950 1.032860 1.028363 1.029197
1.513950e+08 1.018780 1.018672 1.024834 1.023454 1.033092 1.032134 1.027643 1.028573
1.514750e+08 1.017977 1.017877 1.024267 1.022915 1.032219 1.031393 1.026911 1.027933
1.515550e+08 1.017162 1.017070 1.023685 1.022362 1.031333 1.030638 1.026168 1.027280
1.516350e+08 1.016337 1.016251 1.023090 1.021796 1.030434 1.029870 1.025416 1.026615
1.517150e+08 1.015503 1.015422 1.022482 1.021219 1.029526 1.029092 1.024656 1.025938
1.517950e+08 1.014662 1.014584 1.021864 1.020631 1.028609 1.028304 1.023890 1.025252
1.518750e+08 1.013814 1.013739 1.021236 1.020035 1.027684 1.027508 1.023118 1.024557
1.519550e+08 1.012962 1.012888 1.020601 1.019431 1.026754 1.026705 1.022343 1.023856
1.520350e+08 1.012108 1.012033 1.019959 1.018821 1.025820 1.025897 1.021565 1.023149
1.521150e+08 1.011252 1.011175 1.019312 1.018207 1.024884 1.025084 1.020787 1.022438
1.521950e+08 1.010395 1.010316 1.018661 1.017589 1.023946 1.024270 1.020009 1.021724
1.522750e+08 1.009541 1.009458 1.018008 1.016970 1.023009 1.023454 1.019233 1.021009
1.523550e+08 1.008689 1.008601 1.017354 1.016351 1.022075 1.022639 1.018460 1.020294
1.524350e+08 1.007842 1.007748 1.016702 1.015733 1.021144 1.021825 1.017693 1.019581
1.525150e+08 1.007001 1.006900 1.016051 1.015117 1.020218 1.021015 1.016931 1.018871
1.525950e+08 1.006168 1.006058 1.015404 1.014505 1.019299 1.020209 1.016177 1.018165
1.526750e+08 1.005343 1.005223 1.014762 1.013899 1.018389 1.019410 1.015431 1.017464
1.527550e+08 1.004529 1.004399 1.014126 1.013299 1.017488 1.018618 1.014696 1.016771
1.528350e+08 1.003726 1.003585 1.013498 1.012708 1.016598 1.017834 1.013972 1.016086
1.529150e+08 1.002936 1.002783 1.012879 1.012126 1.015721 1.017061 1.013261 1.015411
1.529950e+08 1.002161 1.001995 1.012271 1.011555 1.014859 1.016300 1.012564 1.014747
1.530750e+08 1.001402 1.001222 1.011675 1.010995 1.014011 1.015551 1.011882 1.014095
1.531550e+08 1.000660 1.000465 1.011092 1.010449 1.013181 1.014815 1.011216 1.013456
1.532350e+08 0.999936 0.999726 1.010523 1.009918 1.012368 1.014096 1.010569 1.012832
1.533150e+08 0.999232 0.999006 1.009970 1.009402 1.011575 1.013392 1.009939 1.012224
1.533950e+08 0.998549 0.998307 1.009433 1.008903 1.010802 1.012706 1.009330 1.011633
1.534750e+08 0.997888 0.997629 1.008915 1.008423 1.010052 1.012039 1.008741 1.011060
1.535550e+08 0.997250 0.996973 1.008416 1.007961 1.009324 1.011391 1.008174 1.010506
1.536350e+08 0.996636 0.996342 1.007937 1.007520 1.008620 1.010765 1.007630 1.009973
1.537150e+08 0.996048 0.995735 1.007480 1.007100 1.007942 1.010160 1.007110 1.009460
1.537950e+08 0.995486 0.995155 1.007044 1.006703 1.007289 1.009578 1.006614 1.008970
1.538750e+08 0.994951 0.994601 1.006632 1.006328 1.006664 1.009019 1.006144 1.008503
1.539550e+08 0.994445 0.994076 1.006245 1.005978 1.006067 1.008485 1.005700 1.008060
1.540350e+08 0.993967 0.993579 1.005882 1.005652 1.005499 1.007977 1.005283 1.007642
1.541150e+08 0.993520 0.993113 1.005545 1.005353 1.004960 1.007494 1.004894 1.007249
1.541950e+08 0.993103 0.992677 1.005235 1.005080 1.004452 1.007039 1.004533 1.006883
1.542750e+08 0.992718 0.992272 1.004953 1.004834 1.003975 1.006611 1.004201 1.006543
1.543550e+08 0.992365 0.991900 1.004699 1.004616 1.003529 1.006211 1.003898 1.006232
1.544350e+08 0.992045 0.991561 1.004473 1.004426 1.003116 1.005839 1.003625 1.005948
1.545150e+08 0.991757 0.991255 1.004277 1.004265 1.002736 1.005497 1.003383 1.005693
1.545950e+08 0.991504 0.990983 1.004110 1.004134 1.002389 1.005185 1.003171 1.005467
1.546750e+08 0.991285 0.990745 1.003974 1.004033 1.002076 1.004903 1.002991 1.005271
1.547550e+08 0.991100 0.990543 1.003869 1.003962 1.001797 1.004651 1.002842 1.005105
1.548350e+08 0.990950 0.990376 1.003795 1.003921 1.001553 1.004430 1.002724 1.004969
1.549150e+08 0.990835 0.990244 1.003752 1.003911 1.001342 1.004239 1.002638 1.004863
1.549950e+08 0.990756 0.990149 1.003740 1.003933 1.001167 1.004080 1.002584 1.004788
1.550750e+08 0.990712 0.990089 1.003760 1.003985 1.001026 1.003951 1.002561 1.004744
1.551550e+08 0.990703 0.990066 1.003812 1.004069 1.000920 1.003854 1.002571 1.004731
1.552350e+08 0.990730 0.990079 1.003896 1.004184 1.000849 1.003788 1.002612 1.004748
1.553150e+08 0.990793 0.990128 1.004012 1.004330 1.000812 1.003753 1.002684 1.004796
1.553950e+08 0.990891 0.990214 1.004160 1.004507 1.000809 1.003749 1.002788 1.004875
1.554750e+08 0.991024 0.990335 1.004339 1.004716 1.000841 1.003775 1.002923 1.004985
1.555550e+08 0.991192 0.990493 1.004550 1.004954 1.000907 1.003832 1.003089 1.005125
1.556350e+08 0.991395 0.990686 1.004792 1.005224 1.001006 1.003919 1.003286 1.005294
1.557150e+08 0.991632 0.990915 1.005064 1.005523 1.001138 1.004036 1.003512 1.005494
1.557950e+08 0.991904 0.991179 1.005368 1.005852 1.001303 1.004182 1.003768 1.005723
1.558750e+08 0.992209 0.991478 1.005701 1.006211 1.001500 1.004357 1.004052 1.005980
1.559550e+08 0.992546 0.991810 1.006064 1.006598 1.001728 1.004561 1.004365 1.006266
1.560350e+08 0.992917 0.992177 1.006456 1.007013 1.001988 1.004792 1.004706 1.006580
1.561150e+08 0.993318 0.992576 1.006876 1.007456 1.002277 1.005050 1.005074 1.006921
1.561950e+08 0.993752 0.993008 1.007325 1.007926 1.002595 1.005334 1.005469 1.007289
1.562750e+08 0.994215 0.993472 1.007800 1.008422 1.002942 1.005644 1.005889 1.007682
1.563550e+08 0.994708 0.993966 1.008302 1.008943 1.003316 1.005978 1.006333 1.008101
1.564350e+08 0.995229 0.994491 1.008829 1.009489 1.003717 1.006337 1.006802 1.008543
1.565150e+08 0.995779 0.995044 1.009381 1.010058 1.004144 1.006719 1.007293 1.009009
1.565950e+08 0.996355 0.995626 1.009957 1.010651 1.004595 1.007122 1.007807 1.009498
1.566750e+08 0.996958 0.996236 1.010555 1.011265 1.005069 1.007547 1.008341 1.010008
1.567550e+08 0.997585 0.996872 1.011175 1.011900 1.005566 1.007992 1.008896 1.010539
1.568350e+08 0.998235 0.997533 1.011816 1.012554 1.006084 1.008455 1.009469 1.011089
1.569150e+08 0.998909 0.998218 1.012477 1.013228 1.006622 1.008937 1.010060 1.011658
1.569950e+08 0.999604 0.998927 1.013156 1.013919 1.007179 1.009435 1.010667 1.012244
1.570750e+08 1.000319 0.999657 1.013853 1.014626 1.007754 1.009949 1.011290 1.012847
1.571550e+08 1.001054 1.000408 1.014566 1.015348 1.008344 1.010477 1.011927 1.013464
1.572350e+08 1.001806 1.001178 1.015294 1.016085 1.008949 1.011018 1.012577 1.014096
1.573150e+08 1.002575 1.001967 1.016036 1.016834 1.009568 1.011571 1.013238 1.014740
1.573950e+08 1.003358 1.002772 1.016790 1.017594 1.010198 1.012135 1.013910 1.015395
1.574750e+08 1.004156 1.003593 1.017555 1.018365 1.010839 1.012708 1.014591 1.016061
1.575550e+08 1.004966 1.004428 1.018330 1.019144 1.011489 1.013288 1.015280 1.016735
1.576350e+08 1.005788 1.005275 1.019114 1.019931 1.012147 1.013875 1.015975 1.017417
1.577150e+08 1.006618 1.006134 1.019904 1.020724 1.012810 1.014468 1.016675 1.018105
1.577950e+08 1.007458 1.007002 1.020700 1.021521 1.013479 1.015063 1.017378 1.018798
1.578750e+08 1.008303 1.007879 1.021501 1.022322 1.014150 1.015662 1.018084 1.019494
1.579550e+08 1.009155 1.008762 1.022304 1.023124 1.014823 1.016261 1.018790 1.020192
1.580350e+08 1.010010 1.009651 1.023108 1.023927 1.015496 1.016859 1.019496 1.020891
1.581150e+08 1.010867 1.010544 1.023913 1.024729 1.016167 1.017456 1.020200 1.021589
1.581950e+08 1.011725 1.011439 1.024716 1.025529 1.016835 1.018049 1.020900 1.022285
1.582750e+08 1.012582 1.012335 1.025516 1.026324 1.017498 1.018638 1.021595 1.022978
1.583550e+08 1.013438 1.013230 1.026311 1.027114 1.018155 1.019220 1.022285 1.023665
1.584350e+08 1.014289 1.014123 1.027101 1.027898 1.018805 1.019794 1.022966 1.024346
1.585150e+08 1.015136 1.015012 1.027883 1.028673 1.019445 1.020360 1.023638 1.025019
1.585950e+08 1.015976 1.015896 1.028657 1.029439 1.020074 1.020915 1.024300 1.025683
1.586750e+08 1.016808 1.016773 1.029420 1.030193 1.020691 1.021458 1.024950 1.026337
1.587550e+08 1.017630 1.017642 1.030172 1.030935 1.021293 1.021988 1.025587 1.026978
1.588350e+08 1.018441 1.018501 1.030910 1.031664 1.021881 1.022503 1.026209 1.027607
1.589150e+08 1.019240 1.019348 1.031634 1.032377 1.022452 1.023002 1.026816 1.028220
1.589950e+08 1.020025 1.020183 1.032343 1.033074 1.023004 1.023484 1.027405 1.028818
1.590750e+08 1.020794 1.021004 1.033034 1.033753 1.023537 1.023948 1.027976 1.029399
1.591550e+08 1.021548 1.021809 1.033707 1.034413 1.024049 1.024391 1.028527 1.029961
1.592350e+08 1.022283 1.022597 1.034360 1.035052 1.024538 1.024814 1.029057 1.030503
1.593150e+08 1.022999 1.023367 1.034991 1.035670 1.025004 1.025214 1.029565 1.031024
1.593950e+08 1.023694 1.024118 1.035601 1.036265 1.025444 1.025591 1.030049 1.031523
1.594750e+08 1.024367 1.024847 1.036187 1.036836 1.025859 1.025944 1.030509 1.031999
1.595550e+08 1.025018 1.025554 1.036749 1.037382 1.026245 1.026270 1.030944 1.032451
1.596350e+08 1.025644 1.026237 1.037284 1.037902 1.026604 1.026570 1.031352 1.032877
1.597150e+08 1.026245 1.026896 1.037793 1.038395 1.026932 1.026843 1.031732 1.033276
1.597950e+08 1.026819 1.027529 1.038274 1.038859 1.027230 1.027086 1.032083 1.033648
1.598750e+08 1.027366 1.028135 1.038725 1.039295 1.027495 1.027300 1.032405 1.033991
1.599550e+08 1.027885 1.028712 1.039147 1.039699 1.027728 1.027483 1.032697 1.034305
1.600350e+08 1.028374 1.029261 1.039538 1.040073 1.027927 1.027634 1.032957 1.034588
1.601150e+08 1.028832 1.029780 1.039897 1.040415 1.028091 1.027754 1.033185 1.034841
1.601950e+08 1.029259 1.030267 1.040224 1.040725 1.028220 1.027840 1.033381 1.035061
1.602750e+08 1.029654 1.030723 1.040517 1.041001 1.028312 1.027893 1.033542 1.035248
1.603550e+08 1.030016 1.031146 1.040776 1.041243 1.028367 1.027911 1.033670 1.035403
1.604350e+08 1.030345 1.031535 1.041000 1.041450 1.028384 1.027895 1.033762 1.035523
1.605150e+08 1.030639 1.031890 1.041189 1.041622 1.028364 1.027842 1.033819 1.035608
1.605950e+08 1.030898 1.032209 1.041342 1.041758 1.028304 1.027754 1.033840 1.035658
1.606750e+08 1.031121 1.032494 1.041458 1.041858 1.028204 1.027630 1.033825 1.035673
1.607550e+08 1.031309 1.032742 1.041538 1.041921 1.028065 1.027469 1.033773 1.035651
1.608350e+08 1.031460 1.032953 1.041580 1.041947 1.027886 1.027270 1.033684 1.035593
1.609150e+08 1.031574 1.033127 1.041585 1.041936 1.027666 1.027035 1.033558 1.035498
1.609950e+08 1.031651 1.033264 1.041551 1.041887 1.027405 1.026762 1.033394 1.035366
1.610750e+08 1.031691 1.033363 1.041479 1.041800 1.027103 1.026451 1.033192 1.035197
1.611550e+08 1.031693 1.033423 1.041369 1.041676 1.026760 1.026102 1.032952 1.034991
1.612350e+08 1.031657 1.033445 1.041221 1.041514 1.026376 1.025715 1.032674 1.034747
1.613150e+08 1.031584 1.033429 1.041034 1.041314 1.025951 1.025291 1.032359 1.034465
1.613950e+08 1.031472 1.033374 1.040808 1.041075 1.025485 1.024829 1.032005 1.034146
1.614750e+08 1.031323 1.033280 1.040545 1.040800 1.024977 1.024330 1.031614 1.033790
1.615550e+08 1.031135 1.033148 1.040242 1.040486 1.024429 1.023793 1.031185 1.033396
1.616350e+08 1.030910 1.032977 1.039902 1.040136 1.023840 1.023219 1.030718 1.032965
1.617150e+08 1.030648 1.032768 1.039524 1.039748 1.023211 1.022608 1.030215 1.032497
1.617950e+08 1.030349 1.032521 1.039109 1.039324 1.022542 1.021961 1.029674 1.031993
1.618750e+08 1.030012 1.032236 1.038656 1.038863 1.021834 1.021278 1.029098 1.031453
1.619550e+08 1.029640 1.031913 1.038167 1.038367 1.021086 1.020560 1.028485 1.030876
1.620350e+08 1.029231 1.031554 1.037641 1.037836 1.020300 1.019807 1.027837 1.030265
1.621150e+08 1.028787 1.031157 1.037080 1.037269 1.019476 1.019019 1.027154 1.029619
1.621950e+08 1.028308 1.030725 1.036483 1.036669 1.018616 1.018198 1.026436 1.028938
1.622750e+08 1.027794 1.030257 1.035853 1.036035 1.017718 1.017343 1.025685 1.028225
1.623550e+08 1.027247 1.029754 1.035188 1.035369 1.016785 1.016457 1.024902 1.027478
1.624350e+08 1.026667 1.029216 1.034491 1.034671 1.015817 1.015539 1.024085 1.026699
1.625150e+08 1.026055 1.028646 1.033761 1.033942 1.014815 1.014591 1.023238 1.025889
1.625950e+08 1.025412 1.028042 1.033000 1.033183 1.013780 1.013612 1.022360 1.025048
1.626750e+08 1.024739 1.027407 1.032209 1.032394 1.012713 1.012605 1.021452 1.024177
1.627550e+08 1.024035 1.026741 1.031388 1.031578 1.011615 1.011571 1.020516 1.023278
1.628350e+08 1.023304 1.026044 1.030538 1.030734 1.010487 1.010509 1.019552 1.022351
1.629150e+08 1.022545 1.025319 1.029662 1.029864 1.009330 1.009422 1.018561 1.021397
1.629950e+08 1.021759 1.024566 1.028758 1.028969 1.008145 1.008310 1.017544 1.020417
1.630750e+08 1.020948 1.023785 1.027830 1.028050 1.006934 1.007175 1.016503 1.019413
1.631550e+08 1.020113 1.022979 1.026877 1.027108 1.005697 1.006017 1.015438 1.018385
1.632350e+08 1.019255 1.022149 1.025902 1.026144 1.004436 1.004838 1.014351 1.017334
1.633150e+08 1.018376 1.021295 1.024905 1.025161 1.003153 1.003640 1.013243 1.016263
1.633950e+08 1.017475 1.020419 1.023887 1.024158 1.001848 1.002422 1.012115 1.015171
1.634750e+08 1.016556 1.019522 1.022850 1.023137 1.000523 1.001187 1.010968 1.014060
1.635550e+08 1.015618 1.018605 1.021795 1.022100 0.999179 0.999936 1.009804 1.012932
1.636350e+08 1.014664 1.017670 1.020724 1.021048 0.997818 0.998671 1.008624 1.011787
1.637150e+08 1.013695 1.016718 1.019637 1.019982 0.996441 0.997391 1.007428 1.010627
1.637950e+08 1.012712 1.015751 1.018537 1.018903 0.995049 0.996100 1.006219 1.009454
1.638750e+08 1.011716 1.014770 1.017424 1.017813 0.993645 0.994798 1.004998 1.008268
1.639550e+08 1.010710 1.013776 1.016300 1.016714 0.992229 0.993486 1.003766 1.007070
1.640350e+08 1.009694 1.012771 1.015166 1.015606 0.990803 0.992166 1.002525 1.005864
1.641150e+08 1.008669 1.011756 1.014025 1.014491 0.989368 0.990840 1.001275 1.004649
1.641950e+08 1.007639 1.010733 1.012876 1.013371 0.987927 0.989508 1.000019 1.003426
1.642750e+08 1.006603 1.009703 1.011722 1.012247 0.986480 0.988173 0.998757 1.002199
1.643550e+08 1.005563 1.008668 1.010564 1.011120 0.985029 0.986835 0.997492 1.000967
1.644350e+08 1.004521 1.007629 1.009403 1.009992 0.983575 0.985496 0.996224 0.999732
1.645150e+08 1.003478 1.006588 1.008241 1.008865 0.982120 0.984157 0.994954 0.998495
1.645950e+08 1.002436 1.005546 1.007080 1.007739 0.980666 0.982820 0.993685 0.997259
1.646750e+08 1.001396 1.004506 1.005921 1.006615 0.979214 0.981486 0.992417 0.996023
1.647550e+08 1.000360 1.003467 1.004764 1.005497 0.977765 0.980156 0.991152 0.994791
1.648350e+08 0.999329 1.002432 1.003613 1.004383 0.976322 0.978832 0.989892 0.993562
1.649150e+08 0.998305 1.001403 1.002467 1.003278 0.974884 0.977515 0.988637 0.992339
1.649950e+08 0.997289 1.000380 1.001328 1.002180 0.973455 0.976207 0.987389 0.991122
1.650750e+08 0.996282 0.999366 1.000199 1.001092 0.972034 0.974907 0.986149 0.989913
1.651550e+08 0.995286 0.998361 0.999079 1.000015 0.970624 0.973619 0.984919 0.988713
1.652350e+08 0.994303 0.997368 0.997970 0.998951 0.969226 0.972343 0.983699 0.987523
1.653150e+08 0.993333 0.996387 0.996874 0.997900 0.967842 0.971080 0.982492 0.986346
1.653950e+08 0.992378 0.995420 0.995792 0.996864 0.966472 0.969831 0.981297 0.985181
1.654750e+08 0.991439 0.994469 0.994726 0.995844 0.965118 0.968598 0.980117 0.984030
1.655550e+08 0.990518 0.993534 0.993675 0.994841 0.963781 0.967381 0.978953 0.982894
1.656350e+08 0.989616 0.992617 0.992642 0.993856 0.962462 0.966183 0.977805 0.981774
1.657150e+08 0.988734 0.991720 0.991627 0.992890 0.961163 0.965003 0.976675 0.980672
1.657950e+08 0.987873 0.990843 0.990632 0.991944 0.959884 0.963842 0.975564 0.979588
1.658750e+08 0.987034 0.989987 0.989657 0.991020 0.958627 0.962703 0.974472 0.978524
1.659550e+08 0.986219 0.989155 0.988704 0.990118 0.957393 0.961585 0.973402 0.977480
1.660350e+08 0.985428 0.988346 0.987774 0.989239 0.956182 0.960489 0.972353 0.976457
1.661150e+08 0.984663 0.987563 0.986867 0.988384 0.954996 0.959416 0.971326 0.975456
1.661950e+08 0.983924 0.986806 0.985985 0.987553 0.953836 0.958368 0.970323 0.974478
1.662750e+08 0.983213 0.986076 0.985127 0.986748 0.952702 0.957344 0.969345 0.973524
1.663550e+08 0.982530 0.985374 0.984296 0.985970 0.951595 0.956346 0.968391 0.972595
1.664350e+08 0.981876 0.984701 0.983491 0.985218 0.950516 0.955373 0.967463 0.971690
1.665150e+08 0.981252 0.984058 0.982714 0.984493 0.949466 0.954427 0.966562 0.970812
1.665950e+08 0.980659 0.983445 0.981964 0.983797 0.948445 0.953508 0.965687 0.969960
1.666750e+08 0.980098 0.982864 0.981243 0.983129 0.947454 0.952617 0.964841 0.969135
1.667550e+08 0.979568 0.982315 0.980551 0.982490 0.946493 0.951754 0.964022 0.968337
1.668350e+08 0.979070 0.981799 0.979888 0.981880 0.945563 0.950918 0.963232 0.967567
1.669150e+08 0.978606 0.981316 0.979256 0.981300 0.944665 0.950112 0.962470 0.966826
1.669950e+08 0.978175 0.980867 0.978653 0.980750 0.943797 0.949334 0.961738 0.966113
1.670750e+08 0.977778 0.980452 0.978081 0.980230 0.942962 0.948585 0.961036 0.965429
1.671550e+08 0.977416 0.980072 0.977539 0.979740 0.942159 0.947866 0.960363 0.964774
1.672350e+08 0.977087 0.979726 0.977028 0.979281 0.941388 0.947175 0.959721 0.964149
1.673150e+08 0.976794 0.979417 0.976548 0.978851 0.940650 0.946514 0.959108 0.963552
1.673950e+08 0.976535 0.979142 0.976099 0.978453 0.939944 0.945882 0.958526 0.962986
1.674750e+08 0.976312 0.978904 0.975681 0.978084 0.939271 0.945279 0.957974 0.962448
1.675550e+08 0.976123 0.978701 0.975293 0.977746 0.938629 0.944704 0.957453 0.961940
1.676350e+08 0.975969 0.978534 0.974936 0.977438 0.938021 0.944159 0.956961 0.961461
1.677150e+08 0.975851 0.978403 0.974610 0.977159 0.937444 0.943642 0.956500 0.961012
1.677950e+08 0.975767 0.978308 0.974314 0.976910 0.936899 0.943153 0.956068 0.960591
1.678750e+08 0.975717 0.978248 0.974048 0.976690 0.936385 0.942692 0.955666 0.960199
1.679550e+08 0.975702 0.978224 0.973812 0.976498 0.935903 0.942258 0.955293 0.959835
1.680350e+08 0.975721 0.978235 0.973604 0.976335 0.935451 0.941851 0.954949 0.959499
1.681150e+08 0.975774 0.978281 0.973426 0.976199 0.935029 0.941470 0.954634 0.959190
1.681950e+08 0.975860 0.978362 0.973275 0.976091 0.934638 0.941115 0.954346 0.958909
1.682750e+08 0.975978 0.978476 0.973152 0.976008 0.934275 0.940785 0.954086 0.958654
1.683550e+08 0.976129 0.978624 0.973056 0.975952 0.933941 0.940479 0.953854 0.958424
1.684350e+08 0.976311 0.978805 0.972987 0.975920 0.933634 0.940197 0.953647 0.958220
1.685150e+08 0.976524 0.979019 0.972942 0.975912 0.933355 0.939938 0.953466 0.958040
1.685950e+08 0.976767 0.979264 0.972923 0.975928 0.933101 0.939701 0.953310 0.957884
1.686750e+08 0.977040 0.979540 0.972927 0.975967 0.932873 0.939486 0.953179 0.957752
1.687550e+08 0.977341 0.979847 0.972955 0.976027 0.932670 0.939290 0.953070 0.957641
1.688350e+08 0.977671 0.980182 0.973004 0.976107 0.932490 0.939114 0.952985 0.957551
1.689150e+08 0.978027 0.980547 0.973075 0.976208 0.932332 0.938957 0.952921 0.957482
1.689950e+08 0.978408 0.980939 0.973165 0.976326 0.932196 0.938817 0.952878 0.957433
1.690750e+08 0.978815 0.981357 0.973275 0.976463 0.932081 0.938693 0.952854 0.957401
1.691550e+08 0.979246 0.981802 0.973403 0.976615 0.931985 0.938584 0.952850 0.957388
1.692350e+08 0.979699 0.982270 0.973547 0.976783 0.931907 0.938490 0.952863 0.957391
1.693150e+08 0.980174 0.982763 0.973708 0.976965 0.931846 0.938408 0.952893 0.957409
1.693950e+08 0.980670 0.983277 0.973883 0.977160 0.931801 0.938339 0.952939 0.957441
1.694750e+08 0.981185 0.983813 0.974071 0.977367 0.931770 0.938280 0.953000 0.957486
1.695550e+08 0.981718 0.984369 0.974271 0.977584 0.931753 0.938230 0.953073 0.957543
1.696350e+08 0.982268 0.984943 0.974482 0.977810 0.931748 0.938189 0.953159 0.957611
