  1.67075e+08	    0.000000	    0.000000	    0.000000	    0.000000	    0.000000	    0.000000	    0.000000	    0.000000	
  1.67155e+08	    0.898312	    0.896802	    0.923194	    0.922137	    0.985791	    0.977197	    0.979207	    0.977886	
  1.67235e+08	    1.025823	    1.024346	    1.056837	    1.055096	    1.122582	    1.113460	    1.119636	    1.121451	
  1.67315e+08	    1.064673	    1.062923	    1.094652	    1.092700	    1.163172	    1.153713	    1.161505	    1.159501	
  1.67395e+08	    1.066044	    1.064523	    1.094556	    1.092619	    1.163672	    1.153893	    1.165168	    1.160131	
  1.67475e+08	    1.066099	    1.065022	    1.093808	    1.091693	    1.163082	    1.152138	    1.166597	    1.158629	
  1.67555e+08	    1.067379	    1.067008	    1.094702	    1.092690	    1.164711	    1.153572	    1.167451	    1.162062	
  1.67635e+08	    1.066550	    1.065620	    1.092103	    1.091350	    1.161317	    1.151125	    1.164381	    1.158054	
  1.67715e+08	    1.069386	    1.065589	    1.092403	    1.092063	    1.158842	    1.150850	    1.167243	    1.157176	
  1.67795e+08	    1.069432	    1.065962	    1.093890	    1.092864	    1.160147	    1.151235	    1.171738	    1.155840	
  1.67875e+08	    1.067459	    1.065467	    1.092305	    1.091817	    1.159023	    1.150024	    1.172003	    1.157173	
  1.67955e+08	    1.067917	    1.063695	    1.092216	    1.090570	    1.158367	    1.148517	    1.171299	    1.160251	
  1.68035e+08	    1.068095	    1.061874	    1.091867	    1.090437	    1.158495	    1.148807	    1.170078	    1.157914	
  1.68115e+08	    1.037142	    1.030059	    1.060484	    1.058600	    1.125552	    1.115142	    1.136421	    1.126630	
  1.68195e+08	    0.921208	    0.915253	    0.939894	    0.938708	    1.002651	    0.993671	    1.008257	    0.994571	
  1.68275e+08	    0.000000	    0.000000	    0.000000	    0.000000	    0.000000	    0.000000	    0.000000	    0.000000	
  1.68355e+08	    0.000000	    0.000000	    0.000000	    0.000000	    0.000000	    0.000000	    0.000000	    0.000000	
  1.68435e+08	    0.896406	    0.892617	    0.915907	    0.915488	    0.977553	    0.968765	    0.983115	    0.975951	
  1.68515e+08	    1.024180	    1.019334	    1.049513	    1.048982	    1.115293	    1.104715	    1.124647	    1.116289	
  1.68595e+08	    1.063519	    1.059106	    1.088837	    1.088157	    1.155591	    1.145715	    1.170254	    1.152085	
  1.68675e+08	    1.064291	    1.060847	    1.090283	    1.089081	    1.157194	    1.147266	    1.169692	    1.155391	
  1.68755e+08	    1.064875	    1.062792	    1.089338	    1.088169	    1.155857	    1.146741	    1.168515	    1.155944	
  1.68835e+08	    1.066298	    1.064393	    1.089809	    1.088679	    1.155443	    1.148007	    1.164999	    1.155236	
  1.68915e+08	    1.066514	    1.063956	    1.087648	    1.086995	    1.153335	    1.146109	    1.164796	    1.150201	
  1.68995e+08	    1.066925	    1.064913	    1.088195	    1.087371	    1.151671	    1.143711	    1.163918	    1.149902	
  1.69075e+08	    1.068453	    1.065651	    1.089140	    1.088140	    1.154469	    1.146512	    1.165702	    1.151089	
  1.69155e+08	    1.068619	    1.063208	    1.087937	    1.087214	    1.152934	    1.145718	    1.159549	    1.154681	
  1.69235e+08	    1.068113	    1.063648	    1.087983	    1.087776	    1.152257	    1.144554	    1.159715	    1.151953	
  1.69315e+08	    1.069180	    1.061378	    1.088927	    1.088276	    1.151273	    1.144348	    1.161099	    1.153438	
  1.69395e+08	    1.037881	    1.030729	    1.058105	    1.057548	    1.116784	    1.111647	    1.126675	    1.117462	
  1.69475e+08	    0.923191	    0.916019	    0.938984	    0.938567	    0.994492	    0.989832	    0.998791	    0.992957	
  1.69555e+08	    0.000000	    0.000000	    0.000000	    0.000000	    0.000000	    0.000000	    0.000000	    0.000000	
  1.69635e+08	    0.000000	    0.000000	    0.000000	    0.000000	    0.000000	    0.000000	    0.000000	    0.000000	
  1.69715e+08	    0.900634	    0.893810	    0.916025	    0.914329	    0.967768	    0.964362	    0.972558	    0.967268	
  1.69795e+08	    1.029038	    1.021658	    1.048499	    1.046931	    1.102060	    1.100113	    1.113944	    1.107128	
  1.69875e+08	    1.067885	    1.061504	    1.087393	    1.085558	    1.142888	    1.140844	    1.153920	    1.147111	
  1.69955e+08	    1.069606	    1.063916	    1.088536	    1.086971	    1.143950	    1.140950	    1.148581	    1.154072	
  1.70035e+08	    1.070437	    1.066018	    1.088355	    1.087167	    1.142209	    1.140511	    1.148929	    1.150936	
  1.70115e+08	    1.072152	    1.069172	    1.089941	    1.088412	    1.143668	    1.141846	    1.151087	    1.148733	
  1.70195e+08	    1.072096	    1.069135	    1.088791	    1.087898	    1.142733	    1.139903	    1.151037	    1.145259	
  1.70275e+08	    1.073213	    1.070678	    1.089364	    1.088160	    1.141340	    1.139666	    1.150120	    1.147657	
  1.70355e+08	    1.074640	    1.072768	    1.090122	    1.089371	    1.143855	    1.142590	    1.148085	    1.152372	
  1.70435e+08	    1.074340	    1.071417	    1.088454	    1.088462	    1.142613	    1.141756	    1.146199	    1.150502	
  1.70515e+08	    1.075071	    1.071189	    1.088306	    1.087774	    1.141920	    1.141675	    1.146318	    1.144159	
  1.70595e+08	    1.074964	    1.070940	    1.088258	    1.087701	    1.142298	    1.141720	    1.147145	    1.145487	
  1.70675e+08	    1.044941	    1.038578	    1.056976	    1.056773	    1.109426	    1.108699	    1.110625	    1.114576	
  1.70755e+08	    0.927943	    0.923119	    0.937494	    0.938140	    0.989618	    0.987688	    0.984786	    0.988255	
  1.70835e+08	    0.000000	    0.000000	    0.000000	    0.000000	    0.000000	    0.000000	    0.000000	    0.000000	
  1.70915e+08	    0.000000	    0.000000	    0.000000	    0.000000	    0.000000	    0.000000	    0.000000	    0.000000	
  1.70995e+08	    0.903526	    0.899619	    0.914722	    0.916576	    0.962682	    0.962206	    0.959329	    0.956780	
  1.71075e+08	    1.032470	    1.029107	    1.048183	    1.049524	    1.098415	    1.096626	    1.098656	    1.100281	
  1.71155e+08	    1.072511	    1.068909	    1.086738	    1.088713	    1.138444	    1.137910	    1.137777	    1.138582	
  1.71235e+08	    1.072936	    1.072336	    1.088124	    1.089564	    1.139582	    1.137783	    1.136699	    1.136965	
  1.71315e+08	    1.073729	    1.073716	    1.087757	    1.088615	    1.138709	    1.138045	    1.137619	    1.130556	
  1.71395e+08	    1.076188	    1.076981	    1.088806	    1.089707	    1.138259	    1.138553	    1.137371	    1.129332	
  1.71475e+08	    1.075590	    1.077068	    1.087367	    1.088420	    1.134823	    1.136117	    1.130636	    1.127523	
  1.71555e+08	    1.077112	    1.078698	    1.087737	    1.089487	    1.133853	    1.133992	    1.126458	    1.126038	
  1.71635e+08	    1.080114	    1.080047	    1.089394	    1.090552	    1.136067	    1.136118	    1.129854	    1.124819	
  1.71715e+08	    1.080205	    1.080217	    1.089562	    1.090499	    1.133547	    1.134134	    1.130042	    1.119921	
  1.71795e+08	    1.081386	    1.079879	    1.090349	    1.091073	    1.133292	    1.133788	    1.130187	    1.120210	
  1.71875e+08	    1.082382	    1.079217	    1.091010	    1.091891	    1.133538	    1.133402	    1.127673	    1.122988	
  1.71955e+08	    1.052492	    1.047673	    1.059419	    1.060245	    1.100166	    1.100567	    1.088710	    1.089170	
  1.72035e+08	    0.935528	    0.930062	    0.940501	    0.941370	    0.978913	    0.979581	    0.967062	    0.962687	
  1.72115e+08	    0.000000	    0.000000	    0.000000	    0.000000	    0.000000	    0.000000	    0.000000	    0.000000	
  1.72195e+08	    0.000000	    0.000000	    0.000000	    0.000000	    0.000000	    0.000000	    0.000000	    0.000000	
  1.72275e+08	    0.911535	    0.905590	    0.916747	    0.917144	    0.953916	    0.955368	    0.937757	    0.937962	
  1.72355e+08	    1.042957	    1.035459	    1.050475	    1.050234	    1.087929	    1.088982	    1.070503	    1.077345	
  1.72435e+08	    1.082092	    1.074859	    1.089750	    1.089476	    1.129387	    1.129387	    1.107733	    1.112454	
  1.72515e+08	    1.082499	    1.078007	    1.091531	    1.091301	    1.128805	    1.128791	    1.109514	    1.109268	
  1.72595e+08	    1.083413	    1.079858	    1.091336	    1.091538	    1.127790	    1.127709	    1.109434	    1.111662	
  1.72675e+08	    1.084308	    1.082989	    1.092530	    1.092188	    1.128197	    1.127306	    1.103927	    1.113602	
  1.72755e+08	    1.083926	    1.083684	    1.090791	    1.090837	    1.125858	    1.124730	    1.100250	    1.107669	
  1.72835e+08	    1.083812	    1.086280	    1.090466	    1.090104	    1.124792	    1.123622	    1.099239	    1.098321	
  1.72915e+08	    1.086136	    1.088171	    1.091128	    1.091352	    1.126296	    1.124859	    1.099991	    1.097729	
  1.72995e+08	    1.086355	    1.086656	    1.089076	    1.089214	    1.124513	    1.123199	    1.097122	    1.095984	
  1.73075e+08	    1.086537	    1.087948	    1.088318	    1.088565	    1.123768	    1.121759	    1.099019	    1.099432	
  1.73155e+08	    1.087139	    1.086506	    1.087922	    1.088282	    1.123487	    1.121078	    1.092456	    1.099827	
  1.73235e+08	    1.056114	    1.054750	    1.056782	    1.057634	    1.090267	    1.087599	    1.063111	    1.063629	
  1.73315e+08	    0.937621	    0.935572	    0.938275	    0.939133	    0.970311	    0.967458	    0.946274	    0.943646	
  1.73395e+08	    0.000000	    0.000000	    0.000000	    0.000000	    0.000000	    0.000000	    0.000000	    0.000000	
  1.73475e+08	    0.000000	    0.000000	    0.000000	    0.000000	    0.000000	    0.000000	    0.000000	    0.000000	
  1.73555e+08	    0.912420	    0.908848	    0.915087	    0.915499	    0.942184	    0.939791	    0.916887	    0.924880	
  1.73635e+08	    1.042030	    1.038533	    1.047284	    1.047693	    1.073790	    1.071610	    1.055479	    1.058260	
  1.73715e+08	    1.081506	    1.076970	    1.085814	    1.085899	    1.112815	    1.110946	    1.096646	    1.099833	
  1.73795e+08	    1.080483	    1.079893	    1.086212	    1.085496	    1.113170	    1.111045	    1.097105	    1.100008	
  1.73875e+08	    1.080038	    1.079241	    1.085352	    1.084408	    1.111176	    1.108823	    1.095011	    1.101705	
  1.73955e+08	    1.081149	    1.082532	    1.085916	    1.084597	    1.111768	    1.109610	    1.093869	    1.104204	
  1.74035e+08	    1.078834	    1.081880	    1.084538	    1.083507	    1.108023	    1.106942	    1.091676	    1.097769	
  1.74115e+08	    1.078837	    1.082746	    1.084134	    1.083307	    1.106088	    1.104773	    1.093269	    1.100073	
  1.74195e+08	    1.079478	    1.085258	    1.085409	    1.084668	    1.106743	    1.105260	    1.094052	    1.099899	
  1.74275e+08	    1.078718	    1.083985	    1.083673	    1.083254	    1.104666	    1.103414	    1.087656	    1.101817	
  1.74355e+08	    1.078245	    1.083271	    1.082618	    1.082666	    1.103984	    1.101972	    1.086547	    1.096372	
  1.74435e+08	    1.077542	    1.083229	    1.081146	    1.082018	    1.104407	    1.101909	    1.087134	    1.093217	
  1.74515e+08	    1.046135	    1.049008	    1.048508	    1.049946	    1.072155	    1.069372	    1.059937	    1.059785	
  1.74595e+08	    0.928853	    0.930058	    0.929030	    0.930844	    0.953744	    0.951714	    0.938499	    0.939861	
  1.74675e+08	    0.000000	    0.000000	    0.000000	    0.000000	    0.000000	    0.000000	    0.000000	    0.000000	
  1.74755e+08	    0.000000	    0.000000	    0.000000	    0.000000	    0.000000	    0.000000	    0.000000	    0.000000	
  1.74835e+08	    0.904549	    0.901993	    0.902947	    0.905434	    0.929594	    0.929541	    0.917153	    0.913855	
  1.74915e+08	    1.033636	    1.030353	    1.034391	    1.036401	    1.059874	    1.059163	    1.052889	    1.043073	
  1.74995e+08	    1.069999	    1.068059	    1.072731	    1.074698	    1.097600	    1.098295	    1.089677	    1.085742	
  1.75075e+08	    1.071147	    1.069698	    1.073771	    1.075472	    1.097219	    1.097150	    1.087298	    1.086436	
  1.75155e+08	    1.069417	    1.068966	    1.072923	    1.074337	    1.093708	    1.095365	    1.083581	    1.082314	
  1.75235e+08	    1.069595	    1.071261	    1.073711	    1.074434	    1.092610	    1.095457	    1.089776	    1.080656	
  1.75315e+08	    1.067900	    1.070657	    1.070665	    1.071348	    1.089999	    1.092039	    1.086151	    1.076425	
  1.75395e+08	    1.068098	    1.072813	    1.069828	    1.069785	    1.087031	    1.089280	    1.081629	    1.077186	
  1.75475e+08	    1.069832	    1.074700	    1.070367	    1.070351	    1.088781	    1.090173	    1.080080	    1.080045	
  1.75555e+08	    1.069296	    1.074611	    1.068409	    1.068869	    1.086197	    1.087561	    1.078292	    1.076447	
  1.75635e+08	    1.069367	    1.074308	    1.067881	    1.068392	    1.084637	    1.085944	    1.078934	    1.071991	
  1.75715e+08	    1.068845	    1.073107	    1.068390	    1.068882	    1.083116	    1.084068	    1.083081	    1.072352	
  1.75795e+08	    1.038271	    1.042143	    1.037309	    1.037595	    1.050154	    1.052072	    1.049665	    1.044957	
  1.75875e+08	    0.921127	    0.922843	    0.919691	    0.920475	    0.934573	    0.936133	    0.926968	    0.928988	
  1.75955e+08	    0.000000	    0.000000	    0.000000	    0.000000	    0.000000	    0.000000	    0.000000	    0.000000	
  1.76035e+08	    0.000000	    0.000000	    0.000000	    0.000000	    0.000000	    0.000000	    0.000000	    0.000000	
  1.76115e+08	    0.894367	    0.893867	    0.892825	    0.893998	    0.908772	    0.909944	    0.903434	    0.898222	
  1.76195e+08	    1.021575	    1.020769	    1.021567	    1.022230	    1.034861	    1.035827	    1.033007	    1.031488	
  1.76275e+08	    1.058835	    1.057620	    1.057858	    1.058672	    1.071510	    1.073137	    1.067903	    1.065734	
  1.76355e+08	    1.058350	    1.058383	    1.057910	    1.059049	    1.071259	    1.071544	    1.066251	    1.061137	
  1.76435e+08	    1.056253	    1.057406	    1.056574	    1.058505	    1.069369	    1.069588	    1.067021	    1.056903	
  1.76515e+08	    1.056439	    1.059460	    1.057303	    1.059405	    1.070055	    1.069371	    1.065836	    1.057162	
  1.76595e+08	    1.054831	    1.058326	    1.054932	    1.057875	    1.065724	    1.066613	    1.059831	    1.056066	
  1.76675e+08	    1.053783	    1.059678	    1.054389	    1.057259	    1.064111	    1.063502	    1.054088	    1.054489	
  1.76755e+08	    1.056144	    1.061897	    1.054520	    1.057824	    1.064748	    1.064414	    1.058033	    1.054324	
  1.76835e+08	    1.055186	    1.060592	    1.052799	    1.055423	    1.061994	    1.062311	    1.057581	    1.050467	
  1.76915e+08	    1.055609	    1.060515	    1.051072	    1.053613	    1.059821	    1.060375	    1.054956	    1.052511	
  1.76995e+08	    1.055921	    1.059679	    1.049607	    1.051633	    1.060477	    1.059488	    1.051173	    1.055278	
  1.77075e+08	    1.024549	    1.027450	    1.018262	    1.020363	    1.029378	    1.028037	    1.017720	    1.026283	
  1.77155e+08	    0.909043	    0.911248	    0.902045	    0.904447	    0.917253	    0.915211	    0.904037	    0.908267	
  1.77235e+08	    0.000000	    0.000000	    0.000000	    0.000000	    0.000000	    0.000000	    0.000000	    0.000000	
  1.77315e+08	    0.000000	    0.000000	    0.000000	    0.000000	    0.000000	    0.000000	    0.000000	    0.000000	
  1.77395e+08	    0.882065	    0.880804	    0.878251	    0.880817	    0.893624	    0.892534	    0.881801	    0.886726	
  1.77475e+08	    1.007488	    1.004723	    1.006342	    1.007601	    1.018301	    1.016483	    1.008194	    1.014053	
  1.77555e+08	    1.042653	    1.040656	    1.043019	    1.044055	    1.055133	    1.053138	    1.049602	    1.048299	
  1.77635e+08	    1.042636	    1.041204	    1.043187	    1.043760	    1.055789	    1.053600	    1.053909	    1.044292	
  1.77715e+08	    1.041218	    1.040027	    1.041301	    1.041834	    1.054070	    1.052473	    1.052137	    1.045521	
  1.77795e+08	    1.039977	    1.041469	    1.040734	    1.041585	    1.052688	    1.052023	    1.049744	    1.050099	
  1.77875e+08	    1.037896	    1.040860	    1.037717	    1.038349	    1.049481	    1.050323	    1.045096	    1.043398	
  1.77955e+08	    1.037362	    1.042100	    1.036337	    1.037450	    1.047445	    1.047000	    1.048321	    1.041016	
  1.78035e+08	    1.037680	    1.044802	    1.036109	    1.038359	    1.050119	    1.047492	    1.049754	    1.041391	
  1.78115e+08	    1.036375	    1.044147	    1.035273	    1.037156	    1.047602	    1.046388	    1.045331	    1.042435	
  1.78195e+08	    1.036549	    1.043701	    1.034395	    1.036850	    1.046357	    1.045510	    1.040976	    1.045503	
  1.78275e+08	    1.036496	    1.044009	    1.034775	    1.035970	    1.045750	    1.044168	    1.042765	    1.044532	
  1.78355e+08	    1.007131	    1.011503	    1.004131	    1.005391	    1.014632	    1.013937	    1.012803	    1.013896	
  1.78435e+08	    0.894602	    0.897968	    0.889732	    0.890831	    0.903123	    0.902790	    0.901151	    0.896563	
  1.78515e+08	    0.000000	    0.000000	    0.000000	    0.000000	    0.000000	    0.000000	    0.000000	    0.000000	
  1.78595e+08	    0.000000	    0.000000	    0.000000	    0.000000	    0.000000	    0.000000	    0.000000	    0.000000	
  1.78675e+08	    0.867632	    0.865195	    0.862660	    0.863518	    0.882612	    0.880574	    0.879964	    0.878453	
  1.78755e+08	    0.990890	    0.987641	    0.988741	    0.988998	    1.006890	    1.003432	    1.010384	    1.005726	
  1.78835e+08	    1.025746	    1.021812	    1.024418	    1.025184	    1.043615	    1.041173	    1.047665	    1.040764	
  1.78915e+08	    1.025596	    1.021872	    1.025106	    1.025922	    1.043501	    1.041287	    1.048154	    1.042915	
  1.78995e+08	    1.023703	    1.020818	    1.024542	    1.025566	    1.042600	    1.040108	    1.042147	    1.043562	
  1.79075e+08	    1.023881	    1.022967	    1.025127	    1.026180	    1.043754	    1.040073	    1.044318	    1.039127	
  1.79155e+08	    1.021663	    1.022001	    1.022987	    1.023815	    1.042086	    1.037240	    1.043423	    1.037755	
  1.79235e+08	    1.021432	    1.022869	    1.021522	    1.022771	    1.041036	    1.037825	    1.042865	    1.037291	
  1.79315e+08	    1.023414	    1.025841	    1.022489	    1.022566	    1.042992	    1.038209	    1.044113	    1.040411	
  1.79395e+08	    1.022208	    1.026770	    1.019715	    1.020530	    1.040087	    1.037390	    1.039507	    1.043164	
  1.79475e+08	    1.022654	    1.027268	    1.018554	    1.019042	    1.038758	    1.037210	    1.038494	    1.038768	
  1.79555e+08	    1.022540	    1.027629	    1.017518	    1.018537	    1.038650	    1.035961	    1.038694	    1.034589	
  1.79635e+08	    0.993704	    0.997511	    0.987816	    0.989467	    1.008388	    1.005519	    1.009430	    1.004892	
  1.79715e+08	    0.883492	    0.885764	    0.875394	    0.877924	    0.898017	    0.895322	    0.894620	    0.893643	
  1.79795e+08	    0.000000	    0.000000	    0.000000	    0.000000	    0.000000	    0.000000	    0.000000	    0.000000	
  1.79875e+08	    0.000000	    0.000000	    0.000000	    0.000000	    0.000000	    0.000000	    0.000000	    0.000000	
  1.79955e+08	    0.862481	    0.860114	    0.853191	    0.854880	    0.872270	    0.872709	    0.872230	    0.867430	
  1.80035e+08	    0.985017	    0.981504	    0.977633	    0.978648	    0.993936	    0.994114	    1.001500	    0.996642	
  1.80115e+08	    1.019502	    1.016381	    1.012777	    1.013848	    1.030141	    1.030511	    1.036161	    1.036361	
  1.80195e+08	    1.019122	    1.016424	    1.012898	    1.013924	    1.033277	    1.031571	    1.034012	    1.040807	
  1.80275e+08	    1.017391	    1.015953	    1.011272	    1.012838	    1.031888	    1.031180	    1.035382	    1.037592	
  1.80355e+08	    1.016702	    1.016023	    1.011826	    1.013107	    1.033357	    1.032391	    1.039927	    1.035804	
  1.80435e+08	    1.015661	    1.016450	    1.009686	    1.011744	    1.031282	    1.029827	    1.039313	    1.033957	
  1.80515e+08	    1.015380	    1.018071	    1.009782	    1.012724	    1.029344	    1.028885	    1.033388	    1.038309	
  1.80595e+08	    1.016648	    1.020799	    1.010661	    1.013660	    1.031511	    1.030781	    1.036355	    1.040868	
  1.80675e+08	    1.016529	    1.020758	    1.009912	    1.012843	    1.029786	    1.028345	    1.037586	    1.035383	
  1.80755e+08	    1.015908	    1.022778	    1.009456	    1.012851	    1.030011	    1.028184	    1.041803	    1.032803	
  1.80835e+08	    1.015742	    1.022223	    1.009047	    1.012350	    1.030355	    1.028067	    1.042208	    1.034421	
  1.80915e+08	    0.985936	    0.993544	    0.979546	    0.982878	    0.999972	    0.998591	    1.010902	    1.006681	
  1.80995e+08	    0.877152	    0.881561	    0.868070	    0.870776	    0.890397	    0.889317	    0.894973	    0.895532	
  1.81075e+08	    0.000000	    0.000000	    0.000000	    0.000000	    0.000000	    0.000000	    0.000000	    0.000000	
  1.81155e+08	    0.000000	    0.000000	    0.000000	    0.000000	    0.000000	    0.000000	    0.000000	    0.000000	
  1.81235e+08	    0.855240	    0.855490	    0.844471	    0.847596	    0.867002	    0.864764	    0.872676	    0.868227	
  1.81315e+08	    0.976780	    0.976653	    0.968578	    0.971882	    0.988351	    0.985279	    0.997914	    1.001072	
  1.81395e+08	    1.012172	    1.011373	    1.005247	    1.007729	    1.026023	    1.022193	    1.034700	    1.037469	
  1.81475e+08	    1.011960	    1.010689	    1.006480	    1.009435	    1.026075	    1.023352	    1.033901	    1.033005	
  1.81555e+08	    1.010570	    1.009715	    1.006606	    1.008863	    1.025018	    1.022224	    1.037410	    1.031434	
  1.81635e+08	    1.010732	    1.011001	    1.007607	    1.009561	    1.025639	    1.022249	    1.039605	    1.031386	
  1.81715e+08	    1.008340	    1.010913	    1.006268	    1.007946	    1.022994	    1.020276	    1.029548	    1.032146	
  1.81795e+08	    1.009885	    1.011999	    1.005709	    1.006707	    1.023684	    1.020113	    1.028221	    1.027427	
  1.81875e+08	    1.011333	    1.015397	    1.006421	    1.007346	    1.026219	    1.021367	    1.033780	    1.028838	
  1.81955e+08	    1.010661	    1.016504	    1.005351	    1.005741	    1.026081	    1.021314	    1.036821	    1.024870	
  1.82035e+08	    1.010930	    1.017827	    1.004945	    1.005850	    1.025238	    1.020697	    1.038419	    1.026780	
  1.82115e+08	    1.012025	    1.019960	    1.005422	    1.006163	    1.024896	    1.020765	    1.038785	    1.028206	
  1.82195e+08	    0.984866	    0.991028	    0.976878	    0.978129	    0.994931	    0.991571	    1.003740	    0.997863	
  1.82275e+08	    0.875820	    0.880890	    0.866266	    0.867563	    0.886538	    0.883976	    0.891756	    0.880858	
  1.82355e+08	    0.000000	    0.000000	    0.000000	    0.000000	    0.000000	    0.000000	    0.000000	    0.000000	
  1.82435e+08	    0.000000	    0.000000	    0.000000	    0.000000	    0.000000	    0.000000	    0.000000	    0.000000	
  1.82515e+08	    0.855183	    0.854886	    0.845894	    0.846900	    0.864136	    0.861371	    0.865921	    0.859972	
  1.82595e+08	    0.977492	    0.976636	    0.968781	    0.969721	    0.983855	    0.981479	    0.987349	    0.986414	
  1.82675e+08	    1.013753	    1.011384	    1.004270	    1.005714	    1.019837	    1.017081	    1.026046	    1.019145	
  1.82755e+08	    1.013961	    1.010067	    1.004947	    1.006071	    1.020735	    1.017834	    1.028470	    1.017481	
  1.82835e+08	    1.013165	    1.008981	    1.005051	    1.006189	    1.020224	    1.017224	    1.023527	    1.021007	
  1.82915e+08	    1.013512	    1.010703	    1.006425	    1.008023	    1.020743	    1.018237	    1.020546	    1.024576	
  1.82995e+08	    1.011666	    1.010794	    1.005817	    1.007471	    1.018591	    1.017456	    1.017190	    1.022666	
  1.83075e+08	    1.012664	    1.011822	    1.006857	    1.008545	    1.017127	    1.015854	    1.021334	    1.016276	
  1.83155e+08	    1.013548	    1.015159	    1.007833	    1.009493	    1.017683	    1.017495	    1.022386	    1.019181	
  1.83235e+08	    1.013561	    1.016883	    1.007216	    1.008448	    1.015947	    1.015645	    1.018984	    1.021470	
  1.83315e+08	    1.014141	    1.018409	    1.007173	    1.007797	    1.015006	    1.014425	    1.016135	    1.021279	
  1.83395e+08	    1.015048	    1.019654	    1.006882	    1.007532	    1.015393	    1.013804	    1.014589	    1.019083	
  1.83475e+08	    0.986733	    0.992388	    0.977337	    0.977907	    0.985586	    0.985096	    0.988316	    0.985934	
  1.83555e+08	    0.877099	    0.881917	    0.866592	    0.867426	    0.877766	    0.877402	    0.876464	    0.874981	
  1.83635e+08	    0.000000	    0.000000	    0.000000	    0.000000	    0.000000	    0.000000	    0.000000	    0.000000	
  1.83715e+08	    0.000000	    0.000000	    0.000000	    0.000000	    0.000000	    0.000000	    0.000000	    0.000000	
  1.83795e+08	    0.857922	    0.858250	    0.845778	    0.847359	    0.851770	    0.853549	    0.848678	    0.850889	
  1.83875e+08	    0.980728	    0.978837	    0.970584	    0.971441	    0.971681	    0.972929	    0.973701	    0.972372	
  1.83955e+08	    1.017003	    1.012852	    1.006633	    1.007830	    1.007770	    1.008443	    1.009904	    1.006484	
  1.84035e+08	    1.017358	    1.012831	    1.007887	    1.008577	    1.007772	    1.009318	    1.007487	    1.008826	
  1.84115e+08	    1.016156	    1.012161	    1.007399	    1.007313	    1.007175	    1.008500	    1.002821	    1.009076	
  1.84195e+08	    1.017144	    1.012278	    1.007488	    1.008070	    1.006697	    1.009074	    1.002130	    1.009008	
  1.84275e+08	    1.015409	    1.011223	    1.005862	    1.006089	    1.003863	    1.006131	    1.004174	    1.008432	
  1.84355e+08	    1.015020	    1.012604	    1.005850	    1.006278	    1.003530	    1.004544	    1.002239	    1.006531	
  1.84435e+08	    1.016203	    1.015985	    1.006929	    1.007614	    1.004938	    1.005862	    1.004224	    1.012638	
  1.84515e+08	    1.015596	    1.017111	    1.006319	    1.007388	    1.003881	    1.003898	    0.999908	    1.010757	
  1.84595e+08	    1.015506	    1.019101	    1.006262	    1.008072	    1.003961	    1.002906	    1.000371	    1.007037	
  1.84675e+08	    1.016401	    1.021085	    1.006905	    1.008791	    1.002505	    1.001904	    1.004007	    1.004174	
  1.84755e+08	    0.987270	    0.993155	    0.978287	    0.980225	    0.973284	    0.972359	    0.975894	    0.975239	
  1.84835e+08	    0.879052	    0.883860	    0.867660	    0.869455	    0.865552	    0.864943	    0.862641	    0.866472	
  1.84915e+08	    0.000000	    0.000000	    0.000000	    0.000000	    0.000000	    0.000000	    0.000000	    0.000000	
  1.84995e+08	    0.000000	    0.000000	    0.000000	    0.000000	    0.000000	    0.000000	    0.000000	    0.000000	
  1.85075e+08	    0.857759	    0.860474	    0.844164	    0.845473	    0.845833	    0.844773	    0.845168	    0.838765	
  1.85155e+08	    0.980765	    0.980818	    0.967027	    0.968262	    0.963922	    0.963197	    0.969832	    0.964098	
  1.85235e+08	    1.016705	    1.014852	    1.002794	    1.004260	    0.998964	    0.998934	    1.003336	    1.002113	
  1.85315e+08	    1.016260	    1.013989	    1.004248	    1.005304	    0.998618	    0.999494	    1.002190	    1.004263	
  1.85395e+08	    1.015242	    1.012463	    1.004343	    1.005067	    0.997686	    0.997769	    1.000096	    0.999392	
  1.85475e+08	    1.014804	    1.011708	    1.005764	    1.006573	    0.997624	    0.998723	    1.003556	    0.997904	
  1.85555e+08	    1.012424	    1.010563	    1.004732	    1.005012	    0.995531	    0.996984	    1.000179	    0.999765	
  1.85635e+08	    1.012009	    1.012269	    1.004265	    1.004737	    0.995004	    0.996087	    0.994079	    1.000123	
  1.85715e+08	    1.012878	    1.013340	    1.005306	    1.005869	    0.995322	    0.997086	    0.992609	    1.001889	
  1.85795e+08	    1.011798	    1.015542	    1.003719	    1.003874	    0.992686	    0.995145	    0.991894	    0.993887	
  1.85875e+08	    1.010799	    1.016845	    1.002717	    1.003346	    0.991333	    0.993770	    0.995126	    0.995155	
  1.85955e+08	    1.012703	    1.019400	    1.002158	    1.002695	    0.991281	    0.993097	    0.993236	    0.994981	
  1.86035e+08	    0.983561	    0.991479	    0.973245	    0.973948	    0.962300	    0.964415	    0.958623	    0.968127	
  1.86115e+08	    0.875786	    0.882437	    0.863327	    0.864372	    0.857295	    0.858994	    0.848725	    0.854481	
  1.86195e+08	    0.000000	    0.000000	    0.000000	    0.000000	    0.000000	    0.000000	    0.000000	    0.000000	
  1.86275e+08	    0.000000	    0.000000	    0.000000	    0.000000	    0.000000	    0.000000	    0.000000	    0.000000	
  1.86355e+08	    0.852338	    0.855953	    0.841764	    0.842289	    0.831870	    0.834927	    0.825976	    0.825994	
  1.86435e+08	    0.975018	    0.976219	    0.963745	    0.963773	    0.947784	    0.951195	    0.946186	    0.946828	
  1.86515e+08	    1.010659	    1.009443	    0.999449	    0.998545	    0.982565	    0.985762	    0.978145	    0.980952	
  1.86595e+08	    1.010683	    1.008423	    0.999518	    0.998729	    0.983685	    0.985973	    0.979039	    0.977820	
  1.86675e+08	    1.010441	    1.005081	    0.998577	    0.997266	    0.982909	    0.985683	    0.980515	    0.978347	
  1.86755e+08	    1.010202	    1.004496	    0.999123	    0.997725	    0.982986	    0.985789	    0.980774	    0.982853	
  1.86835e+08	    1.008256	    1.002716	    0.997142	    0.996100	    0.980355	    0.983407	    0.970338	    0.981818	
  1.86915e+08	    1.006518	    1.002302	    0.996997	    0.995998	    0.978128	    0.981716	    0.966885	    0.977468	
  1.86995e+08	    1.007291	    1.004445	    0.998839	    0.997431	    0.979688	    0.981740	    0.971093	    0.975089	
  1.87075e+08	    1.005499	    1.004837	    0.997861	    0.996807	    0.979313	    0.980298	    0.972221	    0.971437	
  1.87155e+08	    1.004677	    1.006086	    0.998558	    0.996636	    0.978290	    0.979142	    0.969774	    0.973769	
  1.87235e+08	    1.005442	    1.008787	    0.998045	    0.996025	    0.977313	    0.977615	    0.966548	    0.972730	
  1.87315e+08	    0.977040	    0.980809	    0.968895	    0.966701	    0.948052	    0.949577	    0.937924	    0.941540	
  1.87395e+08	    0.868511	    0.872864	    0.859016	    0.857365	    0.842884	    0.844557	    0.833053	    0.831952	
  1.87475e+08	    0.000000	    0.000000	    0.000000	    0.000000	    0.000000	    0.000000	    0.000000	    0.000000	
  1.87555e+08	    0.000000	    0.000000	    0.000000	    0.000000	    0.000000	    0.000000	    0.000000	    0.000000	
  1.87635e+08	    0.849227	    0.850562	    0.835078	    0.833824	    0.821515	    0.821170	    0.808942	    0.813641	
  1.87715e+08	    0.971653	    0.970042	    0.955745	    0.954716	    0.936828	    0.937145	    0.924783	    0.931021	
  1.87795e+08	    1.006035	    1.004005	    0.991523	    0.990419	    0.969977	    0.970582	    0.964592	    0.963146	
  1.87875e+08	    1.005955	    1.001988	    0.992498	    0.991391	    0.969402	    0.970552	    0.966213	    0.963154	
  1.87955e+08	    1.003470	    0.998916	    0.991620	    0.990849	    0.966876	    0.969488	    0.963332	    0.963059	
  1.88035e+08	    1.003162	    0.997345	    0.991957	    0.990845	    0.966352	    0.969228	    0.960392	    0.965403	
  1.88115e+08	    0.999862	    0.994677	    0.990030	    0.988650	    0.964064	    0.966020	    0.956729	    0.960912	
  1.88195e+08	    0.996602	    0.994049	    0.988527	    0.987380	    0.962633	    0.964575	    0.956787	    0.953338	
  1.88275e+08	    0.998733	    0.994906	    0.989109	    0.987358	    0.963188	    0.966027	    0.960748	    0.954287	
  1.88355e+08	    0.995490	    0.994910	    0.987686	    0.985711	    0.960907	    0.963122	    0.956208	    0.955951	
  1.88435e+08	    0.995108	    0.996559	    0.987487	    0.985139	    0.958412	    0.962449	    0.948348	    0.953927	
  1.88515e+08	    0.994899	    0.997550	    0.986693	    0.985385	    0.956838	    0.961025	    0.947323	    0.954500	
  1.88595e+08	    0.966241	    0.970181	    0.958205	    0.957395	    0.927916	    0.932210	    0.922941	    0.922607	
  1.88675e+08	    0.858277	    0.862364	    0.849758	    0.850721	    0.826324	    0.829655	    0.821343	    0.817889	
  1.88755e+08	    0.000000	    0.000000	    0.000000	    0.000000	    0.000000	    0.000000	    0.000000	    0.000000	
  1.88835e+08	    0.000000	    0.000000	    0.000000	    0.000000	    0.000000	    0.000000	    0.000000	    0.000000	
  1.88915e+08	    0.837862	    0.839382	    0.826321	    0.825880	    0.803875	    0.808490	    0.797869	    0.799967	
  1.88995e+08	    0.958711	    0.958508	    0.945361	    0.943977	    0.916175	    0.920805	    0.916647	    0.914557	
  1.89075e+08	    0.993958	    0.992385	    0.979623	    0.977750	    0.949080	    0.954023	    0.954317	    0.950682	
  1.89155e+08	    0.992498	    0.989414	    0.980076	    0.978126	    0.950392	    0.953372	    0.953189	    0.953720	
  1.89235e+08	    0.989873	    0.986199	    0.979150	    0.977412	    0.949872	    0.952887	    0.953476	    0.954537	
  1.89315e+08	    0.987390	    0.984657	    0.979204	    0.978151	    0.950804	    0.952766	    0.955256	    0.953979	
  1.89395e+08	    0.985571	    0.980802	    0.977641	    0.977035	    0.947856	    0.951366	    0.954222	    0.950599	
  1.89475e+08	    0.982639	    0.979562	    0.977003	    0.976118	    0.946798	    0.949033	    0.955692	    0.950333	
  1.89555e+08	    0.983608	    0.981873	    0.978069	    0.977242	    0.947690	    0.949799	    0.951749	    0.953232	
  1.89635e+08	    0.981203	    0.981074	    0.976035	    0.975182	    0.946575	    0.947027	    0.948024	    0.952650	
  1.89715e+08	    0.979871	    0.981359	    0.975133	    0.973928	    0.945241	    0.945746	    0.946741	    0.947020	
  1.89795e+08	    0.978803	    0.982781	    0.974543	    0.973083	    0.945186	    0.945328	    0.947950	    0.942878	
  1.89875e+08	    0.949842	    0.954778	    0.945621	    0.943872	    0.917031	    0.917623	    0.916960	    0.915373	
  1.89955e+08	    0.843803	    0.849340	    0.837861	    0.836888	    0.815842	    0.817194	    0.810023	    0.814605	
  1.90035e+08	    0.000000	    0.000000	    0.000000	    0.000000	    0.000000	    0.000000	    0.000000	    0.000000	
  1.90115e+08	    0.000000	    0.000000	    0.000000	    0.000000	    0.000000	    0.000000	    0.000000	    0.000000	
  1.90195e+08	    0.822398	    0.824917	    0.816239	    0.817083	    0.794630	    0.795002	    0.791203	    0.788081	
  1.90275e+08	    0.940162	    0.942428	    0.934611	    0.935016	    0.906071	    0.906011	    0.906945	    0.902643	
  1.90355e+08	    0.973670	    0.974448	    0.969317	    0.969385	    0.940310	    0.939451	    0.938257	    0.936382	
  1.90435e+08	    0.972866	    0.973511	    0.970033	    0.969428	    0.940673	    0.940384	    0.938907	    0.935216	
  1.90515e+08	    0.971128	    0.970052	    0.968951	    0.967967	    0.939905	    0.939453	    0.941145	    0.930063	
  1.90595e+08	    0.970276	    0.968194	    0.969152	    0.967801	    0.939934	    0.939975	    0.944863	    0.927501	
  1.90675e+08	    0.968380	    0.965224	    0.966529	    0.965153	    0.938098	    0.936798	    0.943612	    0.926798	
  1.90755e+08	    0.965994	    0.963545	    0.964674	    0.963705	    0.937145	    0.935791	    0.940321	    0.927649	
  1.90835e+08	    0.966700	    0.964384	    0.965711	    0.964447	    0.938517	    0.936923	    0.940746	    0.927755	
  1.90915e+08	    0.964722	    0.963371	    0.963743	    0.963584	    0.937492	    0.934996	    0.942025	    0.922346	
  1.90995e+08	    0.963764	    0.964393	    0.962916	    0.962903	    0.936268	    0.935186	    0.942862	    0.921517	
  1.91075e+08	    0.962421	    0.965865	    0.962737	    0.962490	    0.935721	    0.934077	    0.939622	    0.921514	
  1.91155e+08	    0.934626	    0.938776	    0.934812	    0.935022	    0.907778	    0.906609	    0.909802	    0.896847	
  1.91235e+08	    0.829328	    0.833960	    0.828797	    0.829255	    0.808658	    0.806928	    0.805382	    0.793253	
  1.91315e+08	    0.000000	    0.000000	    0.000000	    0.000000	    0.000000	    0.000000	    0.000000	    0.000000	
  1.91395e+08	    0.000000	    0.000000	    0.000000	    0.000000	    0.000000	    0.000000	    0.000000	    0.000000	
  1.91475e+08	    0.808808	    0.811875	    0.804170	    0.804301	    0.789073	    0.787878	    0.788158	    0.770561	
  1.91555e+08	    0.924548	    0.926570	    0.921268	    0.920254	    0.898048	    0.897778	    0.901461	    0.889808	
  1.91635e+08	    0.958299	    0.958577	    0.954612	    0.953614	    0.931699	    0.930933	    0.935775	    0.924658	
  1.91715e+08	    0.957736	    0.957294	    0.954619	    0.954352	    0.932117	    0.930530	    0.939510	    0.923769	
  1.91795e+08	    0.956205	    0.954388	    0.954151	    0.953873	    0.932046	    0.929805	    0.941674	    0.923491	
  1.91875e+08	    0.955668	    0.952257	    0.955095	    0.955235	    0.933281	    0.930709	    0.940565	    0.926445	
  1.91955e+08	    0.952661	    0.949672	    0.953878	    0.953560	    0.931607	    0.929037	    0.937622	    0.927547	
  1.92035e+08	    0.950616	    0.947660	    0.953799	    0.953509	    0.930162	    0.928331	    0.938990	    0.925799	
  1.92115e+08	    0.951522	    0.948374	    0.954664	    0.953735	    0.931816	    0.929860	    0.941735	    0.926952	
  1.92195e+08	    0.949972	    0.947995	    0.953044	    0.952142	    0.929731	    0.928138	    0.939470	    0.924232	
  1.92275e+08	    0.948253	    0.949233	    0.951766	    0.951116	    0.929616	    0.927042	    0.937643	    0.926584	
  1.92355e+08	    0.947141	    0.950098	    0.950731	    0.949904	    0.929881	    0.926796	    0.935448	    0.928726	
  1.92435e+08	    0.919607	    0.924067	    0.922126	    0.922785	    0.903450	    0.900448	    0.908035	    0.898534	
  1.92515e+08	    0.817038	    0.822132	    0.817179	    0.818272	    0.805129	    0.801392	    0.806402	    0.793588	
  1.92595e+08	    0.000000	    0.000000	    0.000000	    0.000000	    0.000000	    0.000000	    0.000000	    0.000000	
  1.92675e+08	    0.000000	    0.000000	    0.000000	    0.000000	    0.000000	    0.000000	    0.000000	    0.000000	
  1.92755e+08	    0.797996	    0.804101	    0.797995	    0.798933	    0.783178	    0.780996	    0.790306	    0.782958	
  1.92835e+08	    0.911770	    0.918365	    0.915335	    0.915306	    0.893436	    0.889524	    0.907740	    0.895752	
  1.92915e+08	    0.945324	    0.951407	    0.949585	    0.948833	    0.926645	    0.922525	    0.946178	    0.928572	
  1.92995e+08	    0.945935	    0.950736	    0.949957	    0.949623	    0.928030	    0.924612	    0.950486	    0.931294	
  1.93075e+08	    0.943886	    0.948917	    0.948996	    0.948631	    0.928093	    0.924420	    0.945257	    0.934051	
  1.93155e+08	    0.944377	    0.946293	    0.949134	    0.948713	    0.927913	    0.925136	    0.946945	    0.937232	
  1.93235e+08	    0.941928	    0.942773	    0.947195	    0.947266	    0.925058	    0.923661	    0.944820	    0.934254	
  1.93315e+08	    0.940601	    0.941252	    0.947435	    0.947101	    0.924861	    0.922641	    0.949973	    0.931451	
  1.93395e+08	    0.940722	    0.942105	    0.948851	    0.947992	    0.925975	    0.924327	    0.952339	    0.933781	
  1.93475e+08	    0.938060	    0.940265	    0.948367	    0.947524	    0.924878	    0.922979	    0.947645	    0.937307	
  1.93555e+08	    0.937139	    0.940816	    0.948680	    0.947750	    0.924746	    0.922920	    0.945228	    0.935405	
  1.93635e+08	    0.936298	    0.941900	    0.948911	    0.947506	    0.923285	    0.923395	    0.945064	    0.933661	
  1.93715e+08	    0.909047	    0.916816	    0.921589	    0.920448	    0.896187	    0.896510	    0.919655	    0.905049	
  1.93795e+08	    0.808186	    0.815972	    0.816951	    0.815409	    0.798244	    0.798252	    0.816414	    0.803677	
  1.93875e+08	    0.000000	    0.000000	    0.000000	    0.000000	    0.000000	    0.000000	    0.000000	    0.000000	
  1.93955e+08	    0.000000	    0.000000	    0.000000	    0.000000	    0.000000	    0.000000	    0.000000	    0.000000	
  1.94035e+08	    0.791555	    0.799770	    0.795663	    0.793523	    0.775929	    0.774943	    0.791943	    0.779970	
  1.94115e+08	    0.906074	    0.912574	    0.911507	    0.909772	    0.884627	    0.884297	    0.909636	    0.892328	
  1.94195e+08	    0.939323	    0.945270	    0.945707	    0.943749	    0.917357	    0.917183	    0.944517	    0.927305	
  1.94275e+08	    0.941732	    0.944666	    0.947525	    0.944993	    0.917691	    0.917512	    0.941769	    0.930783	
  1.94355e+08	    0.940120	    0.941760	    0.947388	    0.945200	    0.918133	    0.916516	    0.940811	    0.933061	
  1.94435e+08	    0.940318	    0.940954	    0.948885	    0.945839	    0.918541	    0.918217	    0.943180	    0.929410	
  1.94515e+08	    0.938065	    0.937205	    0.947599	    0.944750	    0.917704	    0.916133	    0.944729	    0.924287	
  1.94595e+08	    0.937225	    0.935655	    0.948017	    0.944415	    0.917611	    0.915632	    0.939488	    0.924142	
  1.94675e+08	    0.938071	    0.935540	    0.948435	    0.944570	    0.919007	    0.917325	    0.936578	    0.928115	
  1.94755e+08	    0.936278	    0.934519	    0.946952	    0.943423	    0.917303	    0.916456	    0.931695	    0.923918	
  1.94835e+08	    0.934138	    0.934803	    0.946538	    0.943422	    0.916709	    0.914819	    0.933414	    0.920969	
  1.94915e+08	    0.933886	    0.936009	    0.946583	    0.943243	    0.916071	    0.913823	    0.933900	    0.918742	
  1.94995e+08	    0.906723	    0.910741	    0.919895	    0.916664	    0.890385	    0.887637	    0.906955	    0.895632	
  1.95075e+08	    0.806343	    0.811070	    0.816036	    0.812978	    0.792643	    0.790777	    0.800596	    0.794675	
  1.95155e+08	    0.000000	    0.000000	    0.000000	    0.000000	    0.000000	    0.000000	    0.000000	    0.000000	
  1.95235e+08	    0.000000	    0.000000	    0.000000	    0.000000	    0.000000	    0.000000	    0.000000	    0.000000	
  1.95315e+08	    0.788191	    0.794886	    0.796311	    0.792237	    0.775796	    0.775446	    0.784695	    0.772401	
  1.95395e+08	    0.901775	    0.908304	    0.912990	    0.908273	    0.884770	    0.883319	    0.899487	    0.890846	
  1.95475e+08	    0.935513	    0.941838	    0.946616	    0.941293	    0.917092	    0.915138	    0.930546	    0.928467	
  1.95555e+08	    0.936597	    0.940693	    0.946885	    0.941445	    0.919110	    0.916301	    0.932390	    0.927810	
  1.95635e+08	    0.937559	    0.938720	    0.946580	    0.940868	    0.919004	    0.916061	    0.934412	    0.927102	
  1.95715e+08	    0.937914	    0.937399	    0.947822	    0.941741	    0.920415	    0.917778	    0.938388	    0.926780	
  1.95795e+08	    0.935984	    0.934206	    0.946584	    0.940838	    0.918455	    0.916083	    0.934032	    0.927650	
  1.95875e+08	    0.936106	    0.931851	    0.947732	    0.941735	    0.916491	    0.916120	    0.929482	    0.925775	
  1.95955e+08	    0.936494	    0.932359	    0.948587	    0.942955	    0.918580	    0.916916	    0.930376	    0.925154	
  1.96035e+08	    0.935427	    0.930136	    0.948039	    0.942042	    0.917870	    0.915595	    0.930865	    0.921638	
  1.96115e+08	    0.934769	    0.931383	    0.948183	    0.941664	    0.916315	    0.915017	    0.931999	    0.919538	
  1.96195e+08	    0.933940	    0.931907	    0.948524	    0.941415	    0.916404	    0.915169	    0.930851	    0.919787	
  1.96275e+08	    0.908058	    0.906702	    0.920817	    0.913736	    0.889133	    0.888903	    0.899594	    0.893329	
  1.96355e+08	    0.806750	    0.807907	    0.815940	    0.809975	    0.791374	    0.791648	    0.797111	    0.789922	
  1.96435e+08	    0.000000	    0.000000	    0.000000	    0.000000	    0.000000	    0.000000	    0.000000	    0.000000	
  1.96515e+08	    0.000000	    0.000000	    0.000000	    0.000000	    0.000000	    0.000000	    0.000000	    0.000000	
  1.96595e+08	    0.788118	    0.790829	    0.795105	    0.790602	    0.770818	    0.771492	    0.775863	    0.766239	
  1.96675e+08	    0.901739	    0.904780	    0.911479	    0.906833	    0.878462	    0.879333	    0.886044	    0.881877	
  1.96755e+08	    0.934709	    0.937468	    0.946433	    0.941181	    0.910857	    0.912779	    0.923470	    0.912472	
  1.96835e+08	    0.935734	    0.937822	    0.947737	    0.942496	    0.910973	    0.913252	    0.924252	    0.909853	
  1.96915e+08	    0.935810	    0.935411	    0.947748	    0.942213	    0.909862	    0.912577	    0.926903	    0.909206	
  1.96995e+08	    0.935743	    0.934000	    0.948534	    0.942729	    0.909752	    0.912007	    0.925301	    0.909887	
  1.97075e+08	    0.934112	    0.930482	    0.946962	    0.941176	    0.909045	    0.910254	    0.920097	    0.909306	
  1.97155e+08	    0.933549	    0.928870	    0.945960	    0.941008	    0.908573	    0.909359	    0.921412	    0.904664	
  1.97235e+08	    0.934161	    0.928268	    0.947093	    0.941942	    0.909466	    0.910943	    0.923268	    0.904575	
  1.97315e+08	    0.932825	    0.925500	    0.945975	    0.941451	    0.907540	    0.910028	    0.921155	    0.902123	
  1.97395e+08	    0.932088	    0.925162	    0.945619	    0.941525	    0.906687	    0.907880	    0.915780	    0.904637	
  1.97475e+08	    0.931191	    0.925353	    0.945984	    0.942201	    0.905146	    0.907227	    0.913692	    0.904619	
  1.97555e+08	    0.903488	    0.899700	    0.919142	    0.915798	    0.878432	    0.879447	    0.885945	    0.876954	
  1.97635e+08	    0.802742	    0.801108	    0.815322	    0.811896	    0.781832	    0.783283	    0.787812	    0.775156	
  1.97715e+08	    0.000000	    0.000000	    0.000000	    0.000000	    0.000000	    0.000000	    0.000000	    0.000000	
