  1.67075e+08	    0.000000	    0.000000	    0.000000	    0.000000	    0.000000	    0.000000	    0.000000	    0.000000	
  1.67155e+08	    0.905648	    0.901391	    0.930352	    0.930316	    0.976659	    0.973699	    0.968404	    0.983828	
  1.67235e+08	    1.037965	    1.031593	    1.063448	    1.063921	    1.113937	    1.112803	    1.114098	    1.125051	
  1.67315e+08	    1.075014	    1.070056	    1.103006	    1.101896	    1.154200	    1.153252	    1.153219	    1.161422	
  1.67395e+08	    1.076393	    1.073193	    1.101949	    1.101365	    1.155701	    1.152788	    1.156556	    1.167666	
  1.67475e+08	    1.075525	    1.071709	    1.100892	    1.100283	    1.152732	    1.151537	    1.156920	    1.166293	
  1.67555e+08	    1.073637	    1.073445	    1.100841	    1.100458	    1.153943	    1.150919	    1.161214	    1.167882	
  1.67635e+08	    1.073263	    1.072668	    1.098232	    1.099148	    1.150914	    1.149343	    1.154785	    1.168698	
  1.67715e+08	    1.074745	    1.073555	    1.097654	    1.099198	    1.149137	    1.146651	    1.153639	    1.160503	
  1.67795e+08	    1.073047	    1.074501	    1.098117	    1.100543	    1.150400	    1.148448	    1.159000	    1.162834	
  1.67875e+08	    1.073504	    1.073587	    1.097010	    1.098473	    1.146336	    1.148463	    1.156483	    1.163469	
  1.67955e+08	    1.072590	    1.071982	    1.096810	    1.097444	    1.146120	    1.145048	    1.157363	    1.166276	
  1.68035e+08	    1.071758	    1.070245	    1.095103	    1.097716	    1.145422	    1.144828	    1.161155	    1.162352	
  1.68115e+08	    1.041117	    1.036812	    1.063204	    1.064772	    1.112285	    1.111228	    1.125620	    1.129601	
  1.68195e+08	    0.921210	    0.919060	    0.942063	    0.943952	    0.989521	    0.986913	    0.993726	    0.996148	
  1.68275e+08	    0.000000	    0.000000	    0.000000	    0.000000	    0.000000	    0.000000	    0.000000	    0.000000	
  1.68355e+08	    0.000000	    0.000000	    0.000000	    0.000000	    0.000000	    0.000000	    0.000000	    0.000000	
  1.68435e+08	    0.899795	    0.895828	    0.918861	    0.921813	    0.965014	    0.963408	    0.969071	    0.974946	
  1.68515e+08	    1.030582	    1.026383	    1.052410	    1.055855	    1.101815	    1.100468	    1.112299	    1.114108	
  1.68595e+08	    1.066650	    1.065646	    1.091192	    1.094421	    1.145212	    1.140519	    1.151045	    1.154150	
  1.68675e+08	    1.069173	    1.066857	    1.091423	    1.094385	    1.144656	    1.141784	    1.156636	    1.153423	
  1.68755e+08	    1.066159	    1.066729	    1.089673	    1.093418	    1.146002	    1.141141	    1.151232	    1.150439	
  1.68835e+08	    1.068779	    1.069962	    1.089519	    1.093460	    1.145367	    1.140983	    1.149582	    1.149822	
  1.68915e+08	    1.067839	    1.068546	    1.086183	    1.090942	    1.142862	    1.138011	    1.147260	    1.145053	
  1.68995e+08	    1.070013	    1.068923	    1.086235	    1.089899	    1.142434	    1.138884	    1.142013	    1.151234	
  1.69075e+08	    1.070771	    1.069667	    1.085437	    1.090195	    1.144942	    1.139551	    1.148641	    1.149899	
  1.69155e+08	    1.066785	    1.068948	    1.085347	    1.088397	    1.142556	    1.138423	    1.140083	    1.153375	
  1.69235e+08	    1.068113	    1.067610	    1.084851	    1.089053	    1.141304	    1.137484	    1.146353	    1.150927	
  1.69315e+08	    1.068604	    1.064747	    1.084732	    1.089322	    1.140835	    1.136731	    1.142207	    1.150755	
  1.69395e+08	    1.035250	    1.030529	    1.052770	    1.057161	    1.107940	    1.102269	    1.110355	    1.113277	
  1.69475e+08	    0.919238	    0.913599	    0.934020	    0.938264	    0.982395	    0.979128	    0.982255	    0.986465	
  1.69555e+08	    0.000000	    0.000000	    0.000000	    0.000000	    0.000000	    0.000000	    0.000000	    0.000000	
  1.69635e+08	    0.000000	    0.000000	    0.000000	    0.000000	    0.000000	    0.000000	    0.000000	    0.000000	
  1.69715e+08	    0.895777	    0.891205	    0.910333	    0.913610	    0.960386	    0.957662	    0.954543	    0.963921	
  1.69795e+08	    1.024843	    1.020041	    1.039752	    1.044864	    1.097628	    1.094715	    1.100127	    1.108941	
  1.69875e+08	    1.060271	    1.058245	    1.077936	    1.082717	    1.139192	    1.135360	    1.138189	    1.147315	
  1.69955e+08	    1.061032	    1.060220	    1.078728	    1.083435	    1.139040	    1.135401	    1.141152	    1.151379	
  1.70035e+08	    1.059452	    1.060052	    1.078287	    1.083155	    1.139548	    1.135105	    1.137845	    1.153211	
  1.70115e+08	    1.061358	    1.062968	    1.078598	    1.083627	    1.138810	    1.135508	    1.140654	    1.151339	
  1.70195e+08	    1.060652	    1.063910	    1.077345	    1.081833	    1.138237	    1.133216	    1.136372	    1.146661	
  1.70275e+08	    1.059670	    1.064918	    1.076518	    1.082456	    1.138768	    1.133734	    1.137413	    1.152664	
  1.70355e+08	    1.061075	    1.064826	    1.077454	    1.082812	    1.141487	    1.135663	    1.142402	    1.156129	
  1.70435e+08	    1.060594	    1.064941	    1.076046	    1.080172	    1.139762	    1.135495	    1.135611	    1.152794	
  1.70515e+08	    1.060845	    1.062755	    1.075949	    1.078878	    1.138050	    1.134841	    1.136096	    1.145895	
  1.70595e+08	    1.060825	    1.061687	    1.074951	    1.079613	    1.136781	    1.134023	    1.136233	    1.148125	
  1.70675e+08	    1.031549	    1.031953	    1.043484	    1.047933	    1.105533	    1.100710	    1.098594	    1.113710	
  1.70755e+08	    0.912276	    0.914219	    0.925926	    0.930375	    0.983151	    0.978061	    0.974203	    0.983547	
  1.70835e+08	    0.000000	    0.000000	    0.000000	    0.000000	    0.000000	    0.000000	    0.000000	    0.000000	
  1.70915e+08	    0.000000	    0.000000	    0.000000	    0.000000	    0.000000	    0.000000	    0.000000	    0.000000	
  1.70995e+08	    0.890675	    0.891820	    0.906271	    0.910200	    0.955178	    0.953416	    0.944862	    0.953301	
  1.71075e+08	    1.020125	    1.021624	    1.037979	    1.043068	    1.092524	    1.088073	    1.092749	    1.099752	
  1.71155e+08	    1.057039	    1.059865	    1.075531	    1.081763	    1.134965	    1.126708	    1.129446	    1.142330	
  1.71235e+08	    1.060562	    1.062431	    1.076824	    1.081755	    1.133202	    1.128959	    1.131954	    1.142886	
  1.71315e+08	    1.060662	    1.063968	    1.076594	    1.081091	    1.133303	    1.129017	    1.132983	    1.139290	
  1.71395e+08	    1.063334	    1.067715	    1.077364	    1.081954	    1.132775	    1.128375	    1.127724	    1.137406	
  1.71475e+08	    1.060720	    1.068431	    1.076286	    1.079902	    1.129272	    1.125382	    1.129206	    1.138705	
  1.71555e+08	    1.063987	    1.069537	    1.076092	    1.080890	    1.128171	    1.123858	    1.130976	    1.137308	
  1.71635e+08	    1.067105	    1.071122	    1.077049	    1.081805	    1.130533	    1.126533	    1.137398	    1.137360	
  1.71715e+08	    1.066711	    1.072428	    1.076996	    1.081277	    1.128723	    1.125548	    1.130337	    1.133526	
  1.71795e+08	    1.066762	    1.071262	    1.076480	    1.081936	    1.129783	    1.122195	    1.137508	    1.130783	
  1.71875e+08	    1.068414	    1.072110	    1.077247	    1.081914	    1.128828	    1.123428	    1.134296	    1.129888	
  1.71955e+08	    1.038104	    1.039260	    1.046541	    1.050606	    1.096588	    1.090539	    1.098900	    1.095987	
  1.72035e+08	    0.921963	    0.921331	    0.928539	    0.932344	    0.973591	    0.967763	    0.973939	    0.969377	
  1.72115e+08	    0.000000	    0.000000	    0.000000	    0.000000	    0.000000	    0.000000	    0.000000	    0.000000	
  1.72195e+08	    0.000000	    0.000000	    0.000000	    0.000000	    0.000000	    0.000000	    0.000000	    0.000000	
  1.72275e+08	    0.898593	    0.896655	    0.905647	    0.910727	    0.947011	    0.943807	    0.948278	    0.944587	
  1.72355e+08	    1.029897	    1.027888	    1.037078	    1.042079	    1.084703	    1.078457	    1.087111	    1.086050	
  1.72435e+08	    1.067903	    1.065054	    1.075669	    1.081655	    1.123932	    1.118517	    1.127422	    1.119266	
  1.72515e+08	    1.067718	    1.068106	    1.076437	    1.082380	    1.125693	    1.118194	    1.130088	    1.120735	
  1.72595e+08	    1.067915	    1.069730	    1.077341	    1.082877	    1.123814	    1.116858	    1.124895	    1.116982	
  1.72675e+08	    1.070987	    1.072931	    1.078547	    1.083991	    1.123757	    1.116086	    1.128761	    1.124436	
  1.72755e+08	    1.070698	    1.073919	    1.077306	    1.082173	    1.119009	    1.114345	    1.121297	    1.116453	
  1.72835e+08	    1.073808	    1.076712	    1.077198	    1.081568	    1.119508	    1.112992	    1.120593	    1.111367	
  1.72915e+08	    1.073912	    1.080199	    1.077867	    1.082144	    1.122304	    1.114065	    1.124941	    1.111848	
  1.72995e+08	    1.074565	    1.078853	    1.077008	    1.080691	    1.120601	    1.114126	    1.120739	    1.112841	
  1.73075e+08	    1.074745	    1.079511	    1.076122	    1.079502	    1.119137	    1.113573	    1.118720	    1.114908	
  1.73155e+08	    1.074920	    1.079788	    1.075778	    1.079263	    1.116627	    1.111999	    1.118745	    1.107147	
  1.73235e+08	    1.044290	    1.048169	    1.045249	    1.048546	    1.084812	    1.079536	    1.083981	    1.072656	
  1.73315e+08	    0.928515	    0.928145	    0.927309	    0.930319	    0.964224	    0.957296	    0.957729	    0.948303	
  1.73395e+08	    0.000000	    0.000000	    0.000000	    0.000000	    0.000000	    0.000000	    0.000000	    0.000000	
  1.73475e+08	    0.000000	    0.000000	    0.000000	    0.000000	    0.000000	    0.000000	    0.000000	    0.000000	
  1.73555e+08	    0.907184	    0.902473	    0.907026	    0.910704	    0.935561	    0.931999	    0.933888	    0.923175	
  1.73635e+08	    1.036349	    1.033840	    1.039276	    1.041398	    1.068906	    1.063104	    1.066891	    1.058267	
  1.73715e+08	    1.075801	    1.071788	    1.077291	    1.079455	    1.107795	    1.103574	    1.105146	    1.100653	
  1.73795e+08	    1.075097	    1.071630	    1.077754	    1.080097	    1.110326	    1.104339	    1.105341	    1.102901	
  1.73875e+08	    1.075206	    1.074888	    1.076186	    1.078684	    1.108205	    1.102528	    1.104917	    1.104515	
  1.73955e+08	    1.075192	    1.078622	    1.076958	    1.080073	    1.108783	    1.102222	    1.103344	    1.100760	
  1.74035e+08	    1.075240	    1.077887	    1.075792	    1.078513	    1.105039	    1.098795	    1.101494	    1.100363	
  1.74115e+08	    1.072552	    1.080423	    1.075717	    1.079073	    1.102908	    1.095866	    1.101904	    1.095218	
  1.74195e+08	    1.076466	    1.083138	    1.077001	    1.079669	    1.104164	    1.099385	    1.104557	    1.097981	
  1.74275e+08	    1.077013	    1.081991	    1.076281	    1.079176	    1.100469	    1.096202	    1.101051	    1.095241	
  1.74355e+08	    1.075750	    1.080761	    1.076196	    1.078284	    1.100449	    1.094319	    1.094651	    1.093890	
  1.74435e+08	    1.076573	    1.079511	    1.075092	    1.077376	    1.101125	    1.095717	    1.094902	    1.091002	
  1.74515e+08	    1.043817	    1.047139	    1.043701	    1.045889	    1.068285	    1.061533	    1.064609	    1.056564	
  1.74595e+08	    0.927704	    0.928673	    0.924039	    0.927406	    0.949116	    0.943887	    0.940954	    0.939656	
  1.74675e+08	    0.000000	    0.000000	    0.000000	    0.000000	    0.000000	    0.000000	    0.000000	    0.000000	
  1.74755e+08	    0.000000	    0.000000	    0.000000	    0.000000	    0.000000	    0.000000	    0.000000	    0.000000	
  1.74835e+08	    0.904690	    0.902825	    0.902802	    0.904992	    0.926270	    0.922590	    0.920407	    0.915287	
  1.74915e+08	    1.033183	    1.030557	    1.034336	    1.035689	    1.058285	    1.055728	    1.055838	    1.046538	
  1.74995e+08	    1.071887	    1.069954	    1.072614	    1.074324	    1.099857	    1.094564	    1.099852	    1.087945	
  1.75075e+08	    1.070240	    1.068964	    1.073708	    1.075373	    1.100310	    1.095508	    1.100854	    1.093230	
  1.75155e+08	    1.068169	    1.069461	    1.072176	    1.073680	    1.099127	    1.094247	    1.097531	    1.087818	
  1.75235e+08	    1.070303	    1.070957	    1.072190	    1.073398	    1.097059	    1.093475	    1.093203	    1.088340	
  1.75315e+08	    1.067140	    1.071268	    1.069616	    1.070092	    1.094479	    1.090302	    1.089892	    1.083238	
  1.75395e+08	    1.065632	    1.073187	    1.068405	    1.069412	    1.092854	    1.088283	    1.093340	    1.084458	
  1.75475e+08	    1.069325	    1.076464	    1.068197	    1.069491	    1.095360	    1.089499	    1.088210	    1.090290	
  1.75555e+08	    1.067618	    1.074690	    1.066058	    1.067889	    1.093704	    1.086833	    1.092422	    1.086620	
  1.75635e+08	    1.067734	    1.073655	    1.065405	    1.067568	    1.091070	    1.086093	    1.088645	    1.082929	
  1.75715e+08	    1.068642	    1.074567	    1.064258	    1.067077	    1.090334	    1.085328	    1.094043	    1.079727	
  1.75795e+08	    1.035057	    1.041623	    1.034527	    1.036557	    1.056749	    1.052210	    1.058586	    1.050749	
  1.75875e+08	    0.919056	    0.925051	    0.917009	    0.918994	    0.937699	    0.933438	    0.934474	    0.925482	
  1.75955e+08	    0.000000	    0.000000	    0.000000	    0.000000	    0.000000	    0.000000	    0.000000	    0.000000	
  1.76035e+08	    0.000000	    0.000000	    0.000000	    0.000000	    0.000000	    0.000000	    0.000000	    0.000000	
  1.76115e+08	    0.895176	    0.897123	    0.893076	    0.895655	    0.912169	    0.905288	    0.903323	    0.898146	
  1.76195e+08	    1.024748	    1.024686	    1.021643	    1.023506	    1.040983	    1.035373	    1.037291	    1.026842	
  1.76275e+08	    1.059625	    1.061539	    1.059004	    1.060271	    1.077688	    1.071264	    1.074637	    1.061499	
  1.76355e+08	    1.061511	    1.062064	    1.058556	    1.060712	    1.076572	    1.071631	    1.071975	    1.060481	
  1.76435e+08	    1.060500	    1.062496	    1.056873	    1.059435	    1.075808	    1.068703	    1.074876	    1.053567	
  1.76515e+08	    1.060518	    1.061945	    1.057291	    1.060882	    1.076334	    1.069495	    1.072868	    1.059175	
  1.76595e+08	    1.057922	    1.062314	    1.054928	    1.059409	    1.073245	    1.065506	    1.069542	    1.058531	
  1.76675e+08	    1.056696	    1.064338	    1.053578	    1.058349	    1.072034	    1.063170	    1.064854	    1.057322	
  1.76755e+08	    1.058625	    1.064914	    1.053828	    1.059337	    1.073759	    1.065354	    1.067225	    1.059004	
  1.76835e+08	    1.056638	    1.066040	    1.052313	    1.056187	    1.072383	    1.063824	    1.067023	    1.057310	
  1.76915e+08	    1.055845	    1.065938	    1.050313	    1.055342	    1.069982	    1.061158	    1.066945	    1.058877	
  1.76995e+08	    1.056265	    1.065182	    1.048970	    1.053345	    1.070299	    1.060240	    1.061107	    1.061453	
  1.77075e+08	    1.025975	    1.032265	    1.017518	    1.021620	    1.037682	    1.029014	    1.033395	    1.028729	
  1.77155e+08	    0.911066	    0.915795	    0.901635	    0.905955	    0.922515	    0.913417	    0.909949	    0.911705	
  1.77235e+08	    0.000000	    0.000000	    0.000000	    0.000000	    0.000000	    0.000000	    0.000000	    0.000000	
  1.77315e+08	    0.000000	    0.000000	    0.000000	    0.000000	    0.000000	    0.000000	    0.000000	    0.000000	
  1.77395e+08	    0.887218	    0.887107	    0.879988	    0.884359	    0.898669	    0.892827	    0.893447	    0.889260	
  1.77475e+08	    1.012906	    1.011590	    1.006504	    1.011700	    1.026887	    1.017909	    1.019203	    1.018130	
  1.77555e+08	    1.048986	    1.047607	    1.043357	    1.048045	    1.065958	    1.057276	    1.059673	    1.055612	
  1.77635e+08	    1.049852	    1.046635	    1.043202	    1.047493	    1.065782	    1.056699	    1.057834	    1.053405	
  1.77715e+08	    1.048376	    1.047082	    1.041273	    1.045510	    1.064623	    1.057654	    1.057719	    1.053206	
  1.77795e+08	    1.046640	    1.046415	    1.041247	    1.045489	    1.063544	    1.055178	    1.061286	    1.055368	
  1.77875e+08	    1.044635	    1.045767	    1.038505	    1.041708	    1.059263	    1.053573	    1.052864	    1.046270	
  1.77955e+08	    1.044454	    1.047321	    1.037271	    1.040489	    1.057240	    1.050068	    1.046649	    1.049721	
  1.78035e+08	    1.045447	    1.050737	    1.037000	    1.040454	    1.059341	    1.052562	    1.053865	    1.047992	
  1.78115e+08	    1.043128	    1.049540	    1.035547	    1.039440	    1.057966	    1.051993	    1.053820	    1.049956	
  1.78195e+08	    1.043463	    1.050087	    1.034360	    1.039136	    1.058280	    1.051307	    1.053296	    1.050885	
  1.78275e+08	    1.043052	    1.050871	    1.034159	    1.038947	    1.056350	    1.051418	    1.049502	    1.049136	
  1.78355e+08	    1.014176	    1.017392	    1.004604	    1.007790	    1.024086	    1.020315	    1.016692	    1.015309	
  1.78435e+08	    0.900195	    0.904446	    0.890457	    0.893762	    0.910021	    0.906378	    0.899876	    0.902315	
  1.78515e+08	    0.000000	    0.000000	    0.000000	    0.000000	    0.000000	    0.000000	    0.000000	    0.000000	
  1.78595e+08	    0.000000	    0.000000	    0.000000	    0.000000	    0.000000	    0.000000	    0.000000	    0.000000	
  1.78675e+08	    0.876135	    0.872140	    0.866695	    0.868852	    0.888644	    0.884779	    0.883566	    0.884302	
  1.78755e+08	    1.000979	    0.996409	    0.992101	    0.993993	    1.015746	    1.010138	    1.013164	    1.016386	
  1.78835e+08	    1.036681	    1.030318	    1.028914	    1.029741	    1.050677	    1.047943	    1.054109	    1.051288	
  1.78915e+08	    1.034771	    1.029846	    1.028466	    1.031127	    1.051255	    1.048717	    1.055304	    1.049705	
  1.78995e+08	    1.033789	    1.029367	    1.028372	    1.030133	    1.050285	    1.047125	    1.047698	    1.051308	
  1.79075e+08	    1.032589	    1.030460	    1.029028	    1.030857	    1.049239	    1.046541	    1.050505	    1.049771	
  1.79155e+08	    1.030525	    1.030352	    1.026259	    1.028489	    1.047675	    1.043164	    1.043970	    1.045744	
  1.79235e+08	    1.028846	    1.030316	    1.024913	    1.028606	    1.044726	    1.042886	    1.045662	    1.041585	
  1.79315e+08	    1.030869	    1.030835	    1.025577	    1.028144	    1.047631	    1.044087	    1.048459	    1.043193	
  1.79395e+08	    1.028328	    1.032519	    1.023395	    1.026417	    1.046879	    1.042987	    1.042626	    1.046965	
  1.79475e+08	    1.027745	    1.032970	    1.021806	    1.024423	    1.044838	    1.041340	    1.042983	    1.043753	
  1.79555e+08	    1.028246	    1.034010	    1.020407	    1.023346	    1.041715	    1.040824	    1.043948	    1.043596	
  1.79635e+08	    1.000498	    1.003544	    0.990230	    0.993753	    1.011341	    1.009554	    1.014625	    1.014122	
  1.79715e+08	    0.887336	    0.890968	    0.879279	    0.882030	    0.897430	    0.895713	    0.895594	    0.898655	
  1.79795e+08	    0.000000	    0.000000	    0.000000	    0.000000	    0.000000	    0.000000	    0.000000	    0.000000	
  1.79875e+08	    0.000000	    0.000000	    0.000000	    0.000000	    0.000000	    0.000000	    0.000000	    0.000000	
  1.79955e+08	    0.868971	    0.865743	    0.858214	    0.860308	    0.874854	    0.872801	    0.868059	    0.873920	
  1.80035e+08	    0.993838	    0.989172	    0.982021	    0.983664	    0.997888	    0.998784	    1.001159	    1.000898	
  1.80115e+08	    1.029245	    1.024060	    1.017074	    1.019449	    1.034423	    1.033867	    1.037866	    1.037061	
  1.80195e+08	    1.029230	    1.023969	    1.017318	    1.019544	    1.036234	    1.034322	    1.038639	    1.037022	
  1.80275e+08	    1.026863	    1.021800	    1.015526	    1.017789	    1.036228	    1.034081	    1.035524	    1.033820	
  1.80355e+08	    1.026861	    1.022762	    1.015126	    1.018208	    1.036604	    1.034652	    1.038038	    1.035845	
  1.80435e+08	    1.024069	    1.021967	    1.013165	    1.016920	    1.032949	    1.031054	    1.036908	    1.032304	
  1.80515e+08	    1.023461	    1.022654	    1.012889	    1.016666	    1.030714	    1.029002	    1.037601	    1.029775	
  1.80595e+08	    1.024735	    1.023256	    1.014000	    1.018312	    1.031234	    1.031872	    1.037914	    1.034464	
  1.80675e+08	    1.022329	    1.026628	    1.012661	    1.016868	    1.032528	    1.029823	    1.036342	    1.030605	
  1.80755e+08	    1.022452	    1.026218	    1.011949	    1.017069	    1.029696	    1.027594	    1.029843	    1.026651	
  1.80835e+08	    1.022095	    1.027265	    1.012589	    1.016295	    1.030110	    1.028201	    1.034943	    1.028567	
  1.80915e+08	    0.992944	    0.998059	    0.983073	    0.986238	    1.000622	    0.998474	    1.009448	    1.000933	
  1.80995e+08	    0.881190	    0.885347	    0.871690	    0.875462	    0.885809	    0.886367	    0.887663	    0.885945	
  1.81075e+08	    0.000000	    0.000000	    0.000000	    0.000000	    0.000000	    0.000000	    0.000000	    0.000000	
  1.81155e+08	    0.000000	    0.000000	    0.000000	    0.000000	    0.000000	    0.000000	    0.000000	    0.000000	
  1.81235e+08	    0.862314	    0.860274	    0.849700	    0.854222	    0.862586	    0.862440	    0.866013	    0.859734	
  1.81315e+08	    0.983940	    0.980989	    0.973371	    0.977068	    0.987680	    0.985355	    0.994684	    0.989590	
  1.81395e+08	    1.021469	    1.014842	    1.009002	    1.013603	    1.025047	    1.022585	    1.028155	    1.027489	
  1.81475e+08	    1.021697	    1.014096	    1.010208	    1.015159	    1.026083	    1.022977	    1.025630	    1.026767	
  1.81555e+08	    1.019402	    1.012708	    1.009371	    1.014845	    1.024409	    1.021563	    1.030710	    1.023352	
  1.81635e+08	    1.019395	    1.013914	    1.010905	    1.014395	    1.024040	    1.021737	    1.030765	    1.025491	
  1.81715e+08	    1.016990	    1.014260	    1.008326	    1.012491	    1.020507	    1.018731	    1.029236	    1.024833	
  1.81795e+08	    1.015136	    1.013212	    1.008654	    1.011088	    1.019239	    1.016551	    1.022232	    1.023787	
  1.81875e+08	    1.017273	    1.017704	    1.008873	    1.011715	    1.021273	    1.019729	    1.024545	    1.022314	
  1.81955e+08	    1.017856	    1.020107	    1.006833	    1.010035	    1.019991	    1.018433	    1.025260	    1.016161	
  1.82035e+08	    1.018033	    1.020188	    1.006239	    1.010297	    1.017913	    1.017047	    1.028788	    1.017484	
  1.82115e+08	    1.017539	    1.022100	    1.006124	    1.010044	    1.017637	    1.016662	    1.027781	    1.019039	
  1.82195e+08	    0.988847	    0.994237	    0.976993	    0.982030	    0.988922	    0.985933	    0.996071	    0.987018	
  1.82275e+08	    0.879812	    0.884403	    0.867348	    0.871070	    0.877021	    0.875025	    0.879696	    0.873613	
  1.82355e+08	    0.000000	    0.000000	    0.000000	    0.000000	    0.000000	    0.000000	    0.000000	    0.000000	
  1.82435e+08	    0.000000	    0.000000	    0.000000	    0.000000	    0.000000	    0.000000	    0.000000	    0.000000	
  1.82515e+08	    0.860906	    0.858649	    0.848930	    0.851160	    0.854268	    0.853722	    0.855413	    0.852634	
  1.82595e+08	    0.984846	    0.979980	    0.971483	    0.973843	    0.976381	    0.976261	    0.981236	    0.983235	
  1.82675e+08	    1.019886	    1.014940	    1.006727	    1.008771	    1.011978	    1.012317	    1.020101	    1.014929	
  1.82755e+08	    1.020150	    1.013260	    1.007476	    1.009828	    1.011283	    1.012693	    1.020159	    1.014846	
  1.82835e+08	    1.019720	    1.011452	    1.006402	    1.008556	    1.010160	    1.013145	    1.020161	    1.017861	
  1.82915e+08	    1.019552	    1.011956	    1.007749	    1.010445	    1.010788	    1.012905	    1.015562	    1.019093	
  1.82995e+08	    1.017201	    1.008680	    1.006101	    1.009118	    1.009869	    1.012766	    1.009892	    1.018882	
  1.83075e+08	    1.013839	    1.012865	    1.006683	    1.009845	    1.006931	    1.011537	    1.010002	    1.017525	
  1.83155e+08	    1.015515	    1.013129	    1.008536	    1.010120	    1.008883	    1.013877	    1.013950	    1.023866	
  1.83235e+08	    1.016395	    1.013921	    1.007050	    1.008823	    1.006967	    1.011252	    1.009896	    1.021558	
  1.83315e+08	    1.014302	    1.016121	    1.006570	    1.008132	    1.006104	    1.010583	    1.010738	    1.024550	
  1.83395e+08	    1.015499	    1.018488	    1.007102	    1.006762	    1.006381	    1.011162	    1.008597	    1.025915	
  1.83475e+08	    0.985551	    0.989880	    0.977896	    0.977520	    0.976856	    0.981511	    0.977907	    0.992064	
  1.83555e+08	    0.877238	    0.879883	    0.867287	    0.867336	    0.867686	    0.871745	    0.869256	    0.875922	
  1.83635e+08	    0.000000	    0.000000	    0.000000	    0.000000	    0.000000	    0.000000	    0.000000	    0.000000	
  1.83715e+08	    0.000000	    0.000000	    0.000000	    0.000000	    0.000000	    0.000000	    0.000000	    0.000000	
  1.83795e+08	    0.857167	    0.855504	    0.847596	    0.847381	    0.843849	    0.849842	    0.838428	    0.855443	
  1.83875e+08	    0.980841	    0.976778	    0.970257	    0.970337	    0.965168	    0.970039	    0.961859	    0.980073	
  1.83955e+08	    1.016577	    1.010678	    1.006896	    1.006214	    1.000757	    1.006322	    0.999462	    1.010042	
  1.84035e+08	    1.016742	    1.008879	    1.008061	    1.007014	    0.999726	    1.007587	    1.001882	    1.015729	
  1.84115e+08	    1.015483	    1.007324	    1.008035	    1.005828	    0.999227	    1.006123	    0.997394	    1.013495	
  1.84195e+08	    1.015520	    1.006873	    1.008316	    1.005556	    0.999115	    1.007056	    0.991780	    1.013642	
  1.84275e+08	    1.015258	    1.005874	    1.005815	    1.003612	    0.996641	    1.003916	    0.992114	    1.008300	
  1.84355e+08	    1.012397	    1.007606	    1.005750	    1.003719	    0.996495	    1.002364	    0.992689	    1.012596	
  1.84435e+08	    1.015785	    1.009651	    1.006491	    1.004765	    0.997909	    1.003294	    0.993856	    1.011474	
  1.84515e+08	    1.014926	    1.008374	    1.004172	    1.004552	    0.997540	    1.001559	    0.990502	    1.011704	
  1.84595e+08	    1.013552	    1.011029	    1.003881	    1.004759	    0.995969	    1.001480	    0.984872	    1.003784	
  1.84675e+08	    1.014106	    1.012936	    1.004611	    1.004745	    0.995302	    1.001043	    0.982805	    1.001824	
  1.84755e+08	    0.985035	    0.985185	    0.974871	    0.976061	    0.967318	    0.970614	    0.957359	    0.970421	
  1.84835e+08	    0.874637	    0.876046	    0.865324	    0.866445	    0.857344	    0.860083	    0.847479	    0.858856	
  1.84915e+08	    0.000000	    0.000000	    0.000000	    0.000000	    0.000000	    0.000000	    0.000000	    0.000000	
  1.84995e+08	    0.000000	    0.000000	    0.000000	    0.000000	    0.000000	    0.000000	    0.000000	    0.000000	
  1.85075e+08	    0.854498	    0.853312	    0.843344	    0.843895	    0.840209	    0.840726	    0.824773	    0.831490	
  1.85155e+08	    0.977617	    0.974755	    0.965503	    0.965946	    0.960072	    0.960779	    0.951008	    0.953078	
  1.85235e+08	    1.011950	    1.007148	    1.001325	    1.001214	    0.993891	    0.997956	    0.987397	    0.989715	
  1.85315e+08	    1.011858	    1.005731	    1.002199	    1.002744	    0.993039	    0.996599	    0.982729	    0.993266	
  1.85395e+08	    1.009404	    1.004118	    1.002318	    1.002503	    0.993614	    0.996476	    0.981073	    0.988275	
  1.85475e+08	    1.010443	    1.001341	    1.002899	    1.003341	    0.993971	    0.996495	    0.985328	    0.987061	
  1.85555e+08	    1.008147	    1.000310	    1.000842	    1.003076	    0.991280	    0.994179	    0.988851	    0.989535	
  1.85635e+08	    1.007475	    1.000577	    1.001362	    1.002614	    0.991057	    0.994108	    0.987118	    0.991816	
  1.85715e+08	    1.006543	    1.004936	    1.002261	    1.002819	    0.992089	    0.994964	    0.983771	    0.996409	
  1.85795e+08	    1.006683	    1.006000	    1.000341	    1.000950	    0.989672	    0.992516	    0.983555	    0.987942	
  1.85875e+08	    1.003147	    1.005997	    1.000169	    1.000412	    0.988620	    0.991287	    0.984619	    0.988316	
  1.85955e+08	    1.004317	    1.008189	    0.999328	    0.999684	    0.988667	    0.990140	    0.988593	    0.990937	
  1.86035e+08	    0.975735	    0.982021	    0.969707	    0.971195	    0.960266	    0.960169	    0.959110	    0.960841	
  1.86115e+08	    0.867340	    0.871925	    0.860451	    0.861966	    0.852817	    0.853850	    0.845191	    0.848956	
  1.86195e+08	    0.000000	    0.000000	    0.000000	    0.000000	    0.000000	    0.000000	    0.000000	    0.000000	
  1.86275e+08	    0.000000	    0.000000	    0.000000	    0.000000	    0.000000	    0.000000	    0.000000	    0.000000	
  1.86355e+08	    0.846122	    0.849984	    0.840134	    0.841608	    0.828022	    0.830200	    0.827069	    0.823095	
  1.86435e+08	    0.967786	    0.969080	    0.962689	    0.963218	    0.947032	    0.947803	    0.948696	    0.950288	
  1.86515e+08	    1.003636	    1.003765	    0.998183	    0.997927	    0.982128	    0.983518	    0.985211	    0.983955	
  1.86595e+08	    1.004058	    1.000734	    0.998537	    0.997707	    0.984418	    0.983928	    0.983386	    0.984161	
  1.86675e+08	    1.001944	    0.997742	    0.996923	    0.996029	    0.983577	    0.984026	    0.985549	    0.984548	
  1.86755e+08	    1.002487	    0.997577	    0.997214	    0.996221	    0.984516	    0.984749	    0.987319	    0.987506	
  1.86835e+08	    0.999553	    0.995588	    0.995232	    0.993776	    0.980874	    0.982364	    0.982745	    0.987236	
  1.86915e+08	    0.997236	    0.994525	    0.994644	    0.995147	    0.980412	    0.980727	    0.980690	    0.985904	
  1.86995e+08	    0.998764	    0.995206	    0.996085	    0.995542	    0.980792	    0.981497	    0.979622	    0.982946	
  1.87075e+08	    0.997172	    0.996381	    0.994773	    0.994341	    0.979748	    0.979031	    0.982348	    0.980296	
  1.87155e+08	    0.995457	    0.996517	    0.995514	    0.993958	    0.979988	    0.979500	    0.980176	    0.983728	
  1.87235e+08	    0.993732	    0.999047	    0.994997	    0.993393	    0.978484	    0.977781	    0.980097	    0.982830	
  1.87315e+08	    0.966674	    0.971328	    0.966497	    0.963998	    0.949794	    0.949841	    0.944986	    0.951470	
  1.87395e+08	    0.858737	    0.863925	    0.856067	    0.854973	    0.841568	    0.842518	    0.837993	    0.837152	
  1.87475e+08	    0.000000	    0.000000	    0.000000	    0.000000	    0.000000	    0.000000	    0.000000	    0.000000	
  1.87555e+08	    0.000000	    0.000000	    0.000000	    0.000000	    0.000000	    0.000000	    0.000000	    0.000000	
  1.87635e+08	    0.842443	    0.843850	    0.835176	    0.833191	    0.821962	    0.823569	    0.818801	    0.819560	
  1.87715e+08	    0.963520	    0.963640	    0.955710	    0.953761	    0.939709	    0.940081	    0.934237	    0.939209	
  1.87795e+08	    0.997688	    0.997676	    0.991586	    0.989286	    0.974309	    0.975613	    0.966376	    0.971131	
  1.87875e+08	    0.999060	    0.996084	    0.991397	    0.989608	    0.974071	    0.976156	    0.969695	    0.973236	
  1.87955e+08	    0.997374	    0.992595	    0.991528	    0.989643	    0.973306	    0.972826	    0.975893	    0.971857	
  1.88035e+08	    0.996770	    0.990446	    0.991678	    0.989609	    0.972293	    0.972804	    0.969164	    0.970690	
  1.88115e+08	    0.993507	    0.987145	    0.989838	    0.987075	    0.969023	    0.970257	    0.966570	    0.968119	
  1.88195e+08	    0.990163	    0.987298	    0.988186	    0.985383	    0.969740	    0.971002	    0.965706	    0.962117	
  1.88275e+08	    0.990761	    0.990211	    0.989938	    0.985372	    0.971438	    0.972297	    0.969899	    0.965411	
  1.88355e+08	    0.989345	    0.988718	    0.986995	    0.983602	    0.967551	    0.970152	    0.968033	    0.967073	
  1.88435e+08	    0.987655	    0.989985	    0.986029	    0.982294	    0.965975	    0.969156	    0.967357	    0.965878	
  1.88515e+08	    0.986631	    0.990890	    0.985555	    0.982817	    0.964885	    0.967632	    0.963374	    0.962808	
  1.88595e+08	    0.958960	    0.964881	    0.956780	    0.954509	    0.936059	    0.938417	    0.939295	    0.934054	
  1.88675e+08	    0.850056	    0.857962	    0.848246	    0.847043	    0.831910	    0.834015	    0.828843	    0.825068	
  1.88755e+08	    0.000000	    0.000000	    0.000000	    0.000000	    0.000000	    0.000000	    0.000000	    0.000000	
  1.88835e+08	    0.000000	    0.000000	    0.000000	    0.000000	    0.000000	    0.000000	    0.000000	    0.000000	
  1.88915e+08	    0.833754	    0.839642	    0.827141	    0.824105	    0.810065	    0.813604	    0.805184	    0.804483	
  1.88995e+08	    0.953941	    0.958025	    0.945881	    0.942323	    0.924612	    0.928366	    0.933517	    0.924775	
  1.89075e+08	    0.988417	    0.990871	    0.980143	    0.975856	    0.958468	    0.961122	    0.972205	    0.962208	
  1.89155e+08	    0.987578	    0.988590	    0.980174	    0.975712	    0.958901	    0.961232	    0.967273	    0.962069	
  1.89235e+08	    0.984941	    0.985799	    0.979305	    0.974622	    0.957863	    0.959008	    0.963070	    0.963551	
  1.89315e+08	    0.985013	    0.985167	    0.978894	    0.974982	    0.958933	    0.959254	    0.963465	    0.959251	
  1.89395e+08	    0.983248	    0.981706	    0.978054	    0.973912	    0.956474	    0.957178	    0.964972	    0.955835	
  1.89475e+08	    0.981493	    0.979646	    0.976934	    0.972815	    0.954054	    0.956523	    0.961460	    0.956404	
  1.89555e+08	    0.981352	    0.981285	    0.978235	    0.973515	    0.954961	    0.956821	    0.961371	    0.956424	
  1.89635e+08	    0.978938	    0.979086	    0.976525	    0.972373	    0.952233	    0.954482	    0.954126	    0.955560	
  1.89715e+08	    0.977897	    0.981559	    0.976186	    0.970903	    0.952873	    0.952975	    0.948978	    0.949683	
  1.89795e+08	    0.976231	    0.982580	    0.975205	    0.969199	    0.952071	    0.952801	    0.950780	    0.945440	
  1.89875e+08	    0.948226	    0.955106	    0.946347	    0.941499	    0.923116	    0.924262	    0.924086	    0.917410	
  1.89955e+08	    0.841784	    0.851820	    0.838768	    0.834290	    0.819584	    0.821064	    0.814163	    0.814064	
  1.90035e+08	    0.000000	    0.000000	    0.000000	    0.000000	    0.000000	    0.000000	    0.000000	    0.000000	
  1.90115e+08	    0.000000	    0.000000	    0.000000	    0.000000	    0.000000	    0.000000	    0.000000	    0.000000	
  1.90195e+08	    0.821332	    0.829247	    0.819566	    0.817087	    0.797855	    0.798491	    0.786223	    0.788159	
  1.90275e+08	    0.940438	    0.948406	    0.937696	    0.934638	    0.912615	    0.911528	    0.906200	    0.905657	
  1.90355e+08	    0.975147	    0.980061	    0.972144	    0.968475	    0.946687	    0.946438	    0.941130	    0.939158	
  1.90435e+08	    0.973338	    0.978002	    0.972864	    0.968791	    0.946898	    0.947619	    0.939966	    0.934549	
  1.90515e+08	    0.971873	    0.976486	    0.972421	    0.967173	    0.946661	    0.946937	    0.936203	    0.929847	
  1.90595e+08	    0.971024	    0.974959	    0.972625	    0.968219	    0.946309	    0.944981	    0.941983	    0.929523	
  1.90675e+08	    0.969216	    0.972081	    0.970317	    0.965257	    0.943104	    0.943838	    0.939193	    0.932177	
  1.90755e+08	    0.967277	    0.969665	    0.968270	    0.964928	    0.941602	    0.942296	    0.939130	    0.929026	
  1.90835e+08	    0.967161	    0.970682	    0.967940	    0.964924	    0.944497	    0.943075	    0.939478	    0.929946	
  1.90915e+08	    0.965692	    0.968030	    0.967187	    0.963981	    0.941762	    0.942242	    0.933511	    0.927962	
  1.90995e+08	    0.963998	    0.968308	    0.966149	    0.963014	    0.940789	    0.940713	    0.935760	    0.927684	
  1.91075e+08	    0.962285	    0.971337	    0.964845	    0.962884	    0.940451	    0.941007	    0.938912	    0.930563	
  1.91155e+08	    0.935457	    0.943688	    0.937320	    0.935082	    0.912685	    0.912479	    0.908858	    0.902393	
  1.91235e+08	    0.829954	    0.838262	    0.831207	    0.829228	    0.810025	    0.811520	    0.799547	    0.794965	
  1.91315e+08	    0.000000	    0.000000	    0.000000	    0.000000	    0.000000	    0.000000	    0.000000	    0.000000	
  1.91395e+08	    0.000000	    0.000000	    0.000000	    0.000000	    0.000000	    0.000000	    0.000000	    0.000000	
  1.91475e+08	    0.810174	    0.819103	    0.808674	    0.807301	    0.789941	    0.790449	    0.783410	    0.775487	
  1.91555e+08	    0.926375	    0.934927	    0.924628	    0.923147	    0.901144	    0.904184	    0.905255	    0.896293	
  1.91635e+08	    0.961216	    0.968290	    0.957600	    0.956087	    0.935587	    0.937708	    0.939525	    0.933213	
  1.91715e+08	    0.961097	    0.966607	    0.958514	    0.956690	    0.934374	    0.938784	    0.937209	    0.931237	
  1.91795e+08	    0.959695	    0.964099	    0.957591	    0.955518	    0.933821	    0.937059	    0.937539	    0.930644	
  1.91875e+08	    0.959667	    0.961981	    0.958158	    0.956826	    0.935144	    0.937841	    0.940257	    0.934248	
  1.91955e+08	    0.956578	    0.958456	    0.956578	    0.954646	    0.933904	    0.935838	    0.935207	    0.933924	
  1.92035e+08	    0.954456	    0.955465	    0.955804	    0.954336	    0.932618	    0.934190	    0.935552	    0.935737	
  1.92115e+08	    0.954660	    0.954702	    0.956712	    0.954590	    0.933919	    0.936150	    0.938434	    0.934003	
  1.92195e+08	    0.952321	    0.953235	    0.956020	    0.953024	    0.931854	    0.934666	    0.937388	    0.936234	
  1.92275e+08	    0.951675	    0.953524	    0.953416	    0.952298	    0.931379	    0.933681	    0.937580	    0.936521	
  1.92355e+08	    0.951287	    0.954655	    0.952534	    0.951189	    0.931476	    0.932553	    0.935243	    0.937397	
  1.92435e+08	    0.922118	    0.928534	    0.924372	    0.923925	    0.905155	    0.905009	    0.902963	    0.906509	
  1.92515e+08	    0.821022	    0.825852	    0.818696	    0.819750	    0.804143	    0.804424	    0.799169	    0.797794	
  1.92595e+08	    0.000000	    0.000000	    0.000000	    0.000000	    0.000000	    0.000000	    0.000000	    0.000000	
  1.92675e+08	    0.000000	    0.000000	    0.000000	    0.000000	    0.000000	    0.000000	    0.000000	    0.000000	
  1.92755e+08	    0.799463	    0.806308	    0.802245	    0.802465	    0.783434	    0.784478	    0.777672	    0.781716	
  1.92835e+08	    0.914818	    0.922536	    0.919000	    0.916907	    0.894700	    0.895927	    0.893547	    0.900843	
  1.92915e+08	    0.949874	    0.957180	    0.952298	    0.950040	    0.928723	    0.930077	    0.930812	    0.932979	
  1.92995e+08	    0.950153	    0.954866	    0.953799	    0.950559	    0.929727	    0.931363	    0.930369	    0.935157	
  1.93075e+08	    0.948517	    0.952395	    0.952214	    0.949344	    0.929462	    0.930481	    0.934798	    0.935047	
  1.93155e+08	    0.946982	    0.950005	    0.952113	    0.949896	    0.928547	    0.932331	    0.932550	    0.936435	
  1.93235e+08	    0.944601	    0.946137	    0.951231	    0.947204	    0.925666	    0.930273	    0.929506	    0.935153	
  1.93315e+08	    0.944036	    0.942333	    0.950286	    0.948016	    0.926618	    0.929843	    0.929630	    0.935904	
  1.93395e+08	    0.943919	    0.943773	    0.951214	    0.949206	    0.926780	    0.929940	    0.932506	    0.936644	
  1.93475e+08	    0.942915	    0.941157	    0.949977	    0.948217	    0.925428	    0.928724	    0.934389	    0.936363	
  1.93555e+08	    0.941290	    0.942595	    0.950410	    0.948554	    0.925230	    0.929124	    0.928064	    0.936090	
  1.93635e+08	    0.940184	    0.941867	    0.950986	    0.947843	    0.923930	    0.927547	    0.928460	    0.936302	
  1.93715e+08	    0.912503	    0.914412	    0.924131	    0.919662	    0.896830	    0.902123	    0.901493	    0.905765	
  1.93795e+08	    0.809226	    0.813463	    0.819535	    0.816060	    0.794909	    0.798970	    0.797077	    0.799975	
  1.93875e+08	    0.000000	    0.000000	    0.000000	    0.000000	    0.000000	    0.000000	    0.000000	    0.000000	
  1.93955e+08	    0.000000	    0.000000	    0.000000	    0.000000	    0.000000	    0.000000	    0.000000	    0.000000	
  1.94035e+08	    0.792590	    0.799819	    0.801523	    0.797316	    0.772838	    0.775961	    0.770733	    0.778722	
  1.94115e+08	    0.908521	    0.914212	    0.916278	    0.911562	    0.884513	    0.889015	    0.891248	    0.897105	
  1.94195e+08	    0.940960	    0.945583	    0.950044	    0.946007	    0.917755	    0.920522	    0.928317	    0.935258	
  1.94275e+08	    0.943548	    0.944906	    0.950981	    0.947282	    0.916199	    0.920959	    0.928982	    0.930011	
  1.94355e+08	    0.942011	    0.942812	    0.950845	    0.947127	    0.915361	    0.921297	    0.923004	    0.931516	
  1.94435e+08	    0.941971	    0.940401	    0.952259	    0.946499	    0.916645	    0.920717	    0.925069	    0.930578	
  1.94515e+08	    0.940375	    0.936160	    0.950512	    0.945239	    0.915122	    0.918532	    0.927324	    0.927376	
  1.94595e+08	    0.939653	    0.934650	    0.950276	    0.944981	    0.915268	    0.916586	    0.926168	    0.934230	
  1.94675e+08	    0.939988	    0.934180	    0.950573	    0.944728	    0.916574	    0.918622	    0.924916	    0.932587	
  1.94755e+08	    0.937202	    0.932541	    0.949085	    0.942962	    0.915243	    0.918831	    0.917993	    0.931620	
  1.94835e+08	    0.934289	    0.932849	    0.948604	    0.942490	    0.914070	    0.917297	    0.919146	    0.928356	
  1.94915e+08	    0.934911	    0.933420	    0.947365	    0.942387	    0.913742	    0.915969	    0.916203	    0.928974	
  1.94995e+08	    0.906973	    0.907810	    0.919711	    0.914992	    0.886579	    0.889546	    0.892641	    0.902807	
  1.95075e+08	    0.803356	    0.806807	    0.815922	    0.813063	    0.786921	    0.790806	    0.785510	    0.798265	
  1.95155e+08	    0.000000	    0.000000	    0.000000	    0.000000	    0.000000	    0.000000	    0.000000	    0.000000	
  1.95235e+08	    0.000000	    0.000000	    0.000000	    0.000000	    0.000000	    0.000000	    0.000000	    0.000000	
  1.95315e+08	    0.787138	    0.794719	    0.798422	    0.794090	    0.770736	    0.774202	    0.767851	    0.778319	
  1.95395e+08	    0.901128	    0.907611	    0.914616	    0.908205	    0.881766	    0.885063	    0.883230	    0.899437	
  1.95475e+08	    0.934537	    0.940769	    0.948522	    0.941581	    0.913390	    0.918171	    0.914261	    0.931920	
  1.95555e+08	    0.934969	    0.941935	    0.948501	    0.940686	    0.914938	    0.918783	    0.912171	    0.933287	
  1.95635e+08	    0.934069	    0.937443	    0.947254	    0.940837	    0.915407	    0.917276	    0.911434	    0.929504	
  1.95715e+08	    0.935803	    0.936912	    0.947067	    0.941212	    0.916453	    0.919313	    0.915615	    0.928340	
  1.95795e+08	    0.934242	    0.935363	    0.945987	    0.940080	    0.912596	    0.915066	    0.915226	    0.929955	
  1.95875e+08	    0.931357	    0.932211	    0.945454	    0.940403	    0.911923	    0.915924	    0.909766	    0.925993	
  1.95955e+08	    0.934793	    0.932581	    0.946921	    0.941029	    0.914049	    0.915192	    0.907583	    0.929114	
  1.96035e+08	    0.932050	    0.930119	    0.945726	    0.939793	    0.911984	    0.914103	    0.908091	    0.920633	
  1.96115e+08	    0.932512	    0.928725	    0.945706	    0.939449	    0.911217	    0.913029	    0.907728	    0.918166	
  1.96195e+08	    0.931038	    0.928766	    0.945604	    0.938185	    0.911467	    0.914180	    0.908586	    0.917439	
  1.96275e+08	    0.903355	    0.903663	    0.918350	    0.910787	    0.883756	    0.886812	    0.883594	    0.887043	
  1.96355e+08	    0.801589	    0.802327	    0.814742	    0.808253	    0.785332	    0.786805	    0.773422	    0.779840	
  1.96435e+08	    0.000000	    0.000000	    0.000000	    0.000000	    0.000000	    0.000000	    0.000000	    0.000000	
  1.96515e+08	    0.000000	    0.000000	    0.000000	    0.000000	    0.000000	    0.000000	    0.000000	    0.000000	
  1.96595e+08	    0.783787	    0.790513	    0.795449	    0.792046	    0.768153	    0.767967	    0.753625	    0.760105	
  1.96675e+08	    0.898051	    0.905075	    0.910180	    0.906054	    0.877280	    0.878089	    0.867352	    0.872548	
  1.96755e+08	    0.930487	    0.938281	    0.943893	    0.940224	    0.909378	    0.909452	    0.898575	    0.898955	
  1.96835e+08	    0.931349	    0.938523	    0.945592	    0.941403	    0.911013	    0.910743	    0.899273	    0.897171	
  1.96915e+08	    0.929420	    0.937757	    0.944655	    0.940205	    0.908552	    0.907718	    0.898863	    0.898031	
  1.96995e+08	    0.931853	    0.935628	    0.946196	    0.941186	    0.907527	    0.908023	    0.902395	    0.896969	
  1.97075e+08	    0.929190	    0.933493	    0.945022	    0.939113	    0.905810	    0.904858	    0.895128	    0.895012	
  1.97155e+08	    0.929207	    0.929753	    0.943552	    0.938189	    0.905470	    0.905197	    0.888515	    0.895348	
  1.97235e+08	    0.930364	    0.930545	    0.944729	    0.939730	    0.907210	    0.905611	    0.897913	    0.894347	
  1.97315e+08	    0.929123	    0.928149	    0.943256	    0.939548	    0.906720	    0.903146	    0.897287	    0.895696	
  1.97395e+08	    0.928919	    0.926132	    0.942702	    0.939006	    0.904121	    0.902706	    0.898891	    0.898447	
  1.97475e+08	    0.927988	    0.925095	    0.942631	    0.939869	    0.902918	    0.901526	    0.890010	    0.895758	
  1.97555e+08	    0.900826	    0.899851	    0.914906	    0.913229	    0.876270	    0.874175	    0.867808	    0.872669	
  1.97635e+08	    0.799384	    0.799637	    0.813493	    0.812336	    0.778110	    0.775818	    0.768830	    0.768311	
  1.97715e+08	    0.000000	    0.000000	    0.000000	    0.000000	    0.000000	    0.000000	    0.000000	    0.000000	
