1.389950e+08 0.990299 0.990619 0.941661 0.941939 0.979281 0.978769 0.961792 0.961797
1.390750e+08 0.989923 0.990434 0.941939 0.942329 0.979247 0.978930 0.961954 0.962071
1.391550e+08 0.989539 0.990232 0.942200 0.942702 0.979198 0.979073 0.962100 0.962326
1.392350e+08 0.989145 0.990014 0.942445 0.943059 0.979134 0.979200 0.962231 0.962563
1.393150e+08 0.988744 0.989780 0.942675 0.943401 0.979056 0.979311 0.962348 0.962784
1.393950e+08 0.988336 0.989532 0.942891 0.943728 0.978967 0.979408 0.962452 0.962988
1.394750e+08 0.987922 0.989270 0.943092 0.944041 0.978865 0.979491 0.962544 0.963176
1.395550e+08 0.987502 0.988995 0.943282 0.944341 0.978754 0.979561 0.962623 0.963350
1.396350e+08 0.987079 0.988709 0.943459 0.944628 0.978633 0.979619 0.962693 0.963510
1.397150e+08 0.986653 0.988411 0.943625 0.944904 0.978503 0.979666 0.962752 0.963657
1.397950e+08 0.986224 0.988104 0.943782 0.945169 0.978367 0.979702 0.962803 0.963792
1.398750e+08 0.985794 0.987787 0.943929 0.945424 0.978225 0.979729 0.962846 0.963916
1.399550e+08 0.985364 0.987462 0.944068 0.945670 0.978078 0.979748 0.962883 0.964029
1.400350e+08 0.984934 0.987130 0.944200 0.945907 0.977926 0.979758 0.962913 0.964133
1.401150e+08 0.984506 0.986792 0.944325 0.946137 0.977772 0.979763 0.962939 0.964229
1.401950e+08 0.984080 0.986449 0.944445 0.946361 0.977617 0.979761 0.962961 0.964317
1.402750e+08 0.983659 0.986101 0.944560 0.946579 0.977461 0.979755 0.962980 0.964398
1.403550e+08 0.983241 0.985751 0.944672 0.946792 0.977305 0.979745 0.962997 0.964474
1.404350e+08 0.982829 0.985398 0.944782 0.947001 0.977152 0.979732 0.963014 0.964545
1.405150e+08 0.982423 0.985045 0.944890 0.947207 0.977000 0.979718 0.963030 0.964613
1.405950e+08 0.982024 0.984691 0.944997 0.947411 0.976853 0.979702 0.963048 0.964677
1.406750e+08 0.981634 0.984338 0.945105 0.947614 0.976711 0.979686 0.963067 0.964740
1.407550e+08 0.981252 0.983988 0.945214 0.947816 0.976575 0.979672 0.963090 0.964802
1.408350e+08 0.980881 0.983640 0.945325 0.948019 0.976445 0.979659 0.963116 0.964864
1.409150e+08 0.980520 0.983297 0.945439 0.948224 0.976324 0.979649 0.963148 0.964927
1.409950e+08 0.980170 0.982958 0.945558 0.948430 0.976212 0.979643 0.963185 0.964992
1.410750e+08 0.979833 0.982625 0.945681 0.948640 0.976110 0.979642 0.963229 0.965060
1.411550e+08 0.979510 0.982300 0.945811 0.948854 0.976018 0.979646 0.963281 0.965132
1.412350e+08 0.979200 0.981982 0.945947 0.949073 0.975939 0.979656 0.963341 0.965209
1.413150e+08 0.978905 0.981674 0.946092 0.949297 0.975873 0.979674 0.963411 0.965291
1.413950e+08 0.978625 0.981375 0.946244 0.949528 0.975820 0.979700 0.963491 0.965380
1.414750e+08 0.978361 0.981087 0.946406 0.949766 0.975783 0.979735 0.963582 0.965477
1.415550e+08 0.978114 0.980810 0.946579 0.950012 0.975760 0.979779 0.963685 0.965582
1.416350e+08 0.977885 0.980546 0.946762 0.950267 0.975754 0.979835 0.963801 0.965696
1.417150e+08 0.977674 0.980295 0.946958 0.950532 0.975766 0.979901 0.963930 0.965820
1.417950e+08 0.977481 0.980059 0.947166 0.950806 0.975795 0.979980 0.964074 0.965954
1.418750e+08 0.977308 0.979837 0.947387 0.951092 0.975842 0.980071 0.964232 0.966100
1.419550e+08 0.977154 0.979632 0.947622 0.951389 0.975909 0.980176 0.964406 0.966259
1.420350e+08 0.977020 0.979442 0.947872 0.951699 0.975996 0.980295 0.964596 0.966430
1.421150e+08 0.976908 0.979270 0.948138 0.952022 0.976103 0.980429 0.964802 0.966615
1.421950e+08 0.976816 0.979116 0.948419 0.952358 0.976232 0.980578 0.965026 0.966815
1.422750e+08 0.976746 0.978980 0.948717 0.952708 0.976382 0.980743 0.965268 0.967029
1.423550e+08 0.976698 0.978864 0.949032 0.953073 0.976554 0.980925 0.965529 0.967259
1.424350e+08 0.976671 0.978767 0.949365 0.953453 0.976749 0.981123 0.965808 0.967506
1.425150e+08 0.976668 0.978691 0.949716 0.953848 0.976966 0.981339 0.966107 0.967769
1.425950e+08 0.976687 0.978635 0.950085 0.954260 0.977208 0.981573 0.966425 0.968049
1.426750e+08 0.976729 0.978601 0.950473 0.954688 0.977472 0.981825 0.966764 0.968347
1.427550e+08 0.976794 0.978588 0.950881 0.955133 0.977761 0.982096 0.967123 0.968663
1.428350e+08 0.976882 0.978597 0.951309 0.955594 0.978074 0.982386 0.967502 0.968997
1.429150e+08 0.976993 0.978629 0.951756 0.956074 0.978411 0.982695 0.967903 0.969351
1.429950e+08 0.977128 0.978684 0.952224 0.956571 0.978773 0.983024 0.968325 0.969724
1.430750e+08 0.977286 0.978761 0.952713 0.957086 0.979159 0.983373 0.968768 0.970116
1.431550e+08 0.977468 0.978862 0.953222 0.957620 0.979570 0.983741 0.969232 0.970528
1.432350e+08 0.977673 0.978987 0.953752 0.958171 0.980006 0.984129 0.969718 0.970960
1.433150e+08 0.977901 0.979135 0.954303 0.958741 0.980467 0.984538 0.970226 0.971412
1.433950e+08 0.978152 0.979306 0.954875 0.959330 0.980951 0.984967 0.970756 0.971885
1.434750e+08 0.978426 0.979502 0.955469 0.959937 0.981461 0.985416 0.971306 0.972378
1.435550e+08 0.978722 0.979721 0.956083 0.960563 0.981994 0.985886 0.971879 0.972891
1.436350e+08 0.979041 0.979964 0.956718 0.961208 0.982552 0.986375 0.972473 0.973425
1.437150e+08 0.979382 0.980231 0.957374 0.961871 0.983134 0.986885 0.973088 0.973980
1.437950e+08 0.979745 0.980522 0.958052 0.962552 0.983739 0.987415 0.973724 0.974554
1.438750e+08 0.980129 0.980836 0.958749 0.963252 0.984367 0.987964 0.974381 0.975150
1.439550e+08 0.980534 0.981174 0.959467 0.963970 0.985017 0.988533 0.975058 0.975765
1.440350e+08 0.980960 0.981534 0.960206 0.964706 0.985690 0.989122 0.975756 0.976400
1.441150e+08 0.981406 0.981917 0.960964 0.965459 0.986385 0.989729 0.976473 0.977055
1.441950e+08 0.981871 0.982323 0.961742 0.966230 0.987101 0.990355 0.977210 0.977729
1.442750e+08 0.982356 0.982751 0.962539 0.967018 0.987838 0.991000 0.977966 0.978423
1.443550e+08 0.982859 0.983201 0.963354 0.967822 0.988595 0.991662 0.978740 0.979135
1.444350e+08 0.983380 0.983672 0.964189 0.968643 0.989371 0.992342 0.979532 0.979866
1.445150e+08 0.983918 0.984164 0.965041 0.969480 0.990167 0.993039 0.980342 0.980615
1.445950e+08 0.984473 0.984677 0.965910 0.970331 0.990980 0.993752 0.981169 0.981381
1.446750e+08 0.985043 0.985209 0.966796 0.971198 0.991811 0.994481 0.982012 0.982165
1.447550e+08 0.985629 0.985760 0.967698 0.972080 0.992658 0.995226 0.982871 0.982965
1.448350e+08 0.986230 0.986330 0.968616 0.972975 0.993521 0.995985 0.983745 0.983781
1.449150e+08 0.986844 0.986918 0.969549 0.973883 0.994398 0.996759 0.984633 0.984613
1.449950e+08 0.987471 0.987524 0.970496 0.974804 0.995290 0.997546 0.985534 0.985459
1.450750e+08 0.988110 0.988146 0.971457 0.975737 0.996195 0.998345 0.986449 0.986319
1.451550e+08 0.988760 0.988783 0.972431 0.976681 0.997112 0.999157 0.987375 0.987193
1.452350e+08 0.989421 0.989436 0.973417 0.977635 0.998040 0.999980 0.988313 0.988080
1.453150e+08 0.990091 0.990103 0.974414 0.978600 0.998979 1.000814 0.989261 0.988979
1.453950e+08 0.990771 0.990784 0.975421 0.979574 0.999927 1.001657 0.990218 0.989888
1.454750e+08 0.991457 0.991477 0.976438 0.980556 1.000882 1.002509 0.991184 0.990809
1.455550e+08 0.992151 0.992182 0.977464 0.981545 1.001845 1.003370 0.992158 0.991739
1.456350e+08 0.992851 0.992898 0.978498 0.982541 1.002814 1.004237 0.993138 0.992677
1.457150e+08 0.993556 0.993623 0.979539 0.983544 1.003789 1.005111 0.994124 0.993624
1.457950e+08 0.994265 0.994358 0.980586 0.984551 1.004766 1.005990 0.995116 0.994577
1.458750e+08 0.994977 0.995100 0.981638 0.985562 1.005747 1.006873 0.996111 0.995537
1.459550e+08 0.995691 0.995850 0.982695 0.986577 1.006730 1.007761 0.997109 0.996502
1.460350e+08 0.996406 0.996606 0.983754 0.987594 1.007713 1.008650 0.998109 0.997471
1.461150e+08 0.997122 0.997366 0.984816 0.988613 1.008695 1.009542 0.999110 0.998444
1.461950e+08 0.997837 0.998131 0.985879 0.989633 1.009676 1.010434 1.000110 0.999419
1.462750e+08 0.998550 0.998899 0.986943 0.990652 1.010654 1.011326 1.001110 1.000395
1.463550e+08 0.999261 0.999668 0.988006 0.991670 1.011627 1.012216 1.002107 1.001372
1.464350e+08 0.999968 1.000439 0.989067 0.992686 1.012596 1.013104 1.003102 1.002348
1.465150e+08 1.000670 1.001210 0.990125 0.993698 1.013559 1.013990 1.004092 1.003322
1.465950e+08 1.001367 1.001979 0.991180 0.994707 1.014514 1.014870 1.005077 1.004294
1.466750e+08 1.002058 1.002747 0.992230 0.995711 1.015460 1.015746 1.006056 1.005263
1.467550e+08 1.002741 1.003511 0.993275 0.996709 1.016397 1.016616 1.007027 1.006227
1.468350e+08 1.003416 1.004271 0.994312 0.997701 1.017323 1.017478 1.007991 1.007185
1.469150e+08 1.004081 1.005026 0.995342 0.998684 1.018237 1.018332 1.008945 1.008137
1.469950e+08 1.004737 1.005774 0.996364 0.999659 1.019139 1.019178 1.009889 1.009081
1.470750e+08 1.005381 1.006515 0.997375 1.000625 1.020026 1.020013 1.010821 1.010017
1.471550e+08 1.006014 1.007248 0.998376 1.001580 1.020898 1.020837 1.011742 1.010944
1.472350e+08 1.006634 1.007972 0.999366 1.002523 1.021754 1.021649 1.012649 1.011859
1.473150e+08 1.007240 1.008685 1.000343 1.003455 1.022593 1.022449 1.013542 1.012764
1.473950e+08 1.007833 1.009387 1.001306 1.004374 1.023415 1.023234 1.014420 1.013656
1.474750e+08 1.008410 1.010077 1.002255 1.005278 1.024217 1.024005 1.015282 1.014535
1.475550e+08 1.008971 1.010754 1.003189 1.006168 1.024999 1.024761 1.016128 1.015399
1.476350e+08 1.009515 1.011417 1.004107 1.007043 1.025760 1.025500 1.016956 1.016249
1.477150e+08 1.010043 1.012065 1.005008 1.007901 1.026499 1.026222 1.017765 1.017082
1.477950e+08 1.010552 1.012697 1.005891 1.008742 1.027216 1.026926 1.018555 1.017899
1.478750e+08 1.011042 1.013312 1.006756 1.009565 1.027909 1.027611 1.019324 1.018698
1.479550e+08 1.011514 1.013911 1.007601 1.010370 1.028579 1.028277 1.020073 1.019478
1.480350e+08 1.011965 1.014491 1.008426 1.011156 1.029223 1.028922 1.020801 1.020240
1.481150e+08 1.012397 1.015051 1.009230 1.011922 1.029841 1.029546 1.021506 1.020981
1.481950e+08 1.012807 1.015593 1.010012 1.012667 1.030434 1.030149 1.022187 1.021701
1.482750e+08 1.013196 1.016114 1.010773 1.013391 1.030999 1.030729 1.022846 1.022400
1.483550e+08 1.013562 1.016613 1.011510 1.014094 1.031536 1.031286 1.023480 1.023077
1.484350e+08 1.013907 1.017092 1.012225 1.014774 1.032046 1.031820 1.024089 1.023731
1.485150e+08 1.014229 1.017547 1.012915 1.015431 1.032527 1.032330 1.024673 1.024362
1.485950e+08 1.014528 1.017980 1.013580 1.016065 1.032978 1.032815 1.025231 1.024968
1.486750e+08 1.014803 1.018390 1.014221 1.016676 1.033400 1.033275 1.025763 1.025550
1.487550e+08 1.015055 1.018776 1.014836 1.017262 1.033793 1.033710 1.026268 1.026108
1.488350e+08 1.015283 1.019137 1.015425 1.017824 1.034154 1.034118 1.026746 1.026639
1.489150e+08 1.015486 1.019474 1.015988 1.018361 1.034485 1.034501 1.027196 1.027145
1.489950e+08 1.015666 1.019786 1.016525 1.018873 1.034786 1.034856 1.027619 1.027624
1.490750e+08 1.015821 1.020072 1.017034 1.019359 1.035055 1.035185 1.028013 1.028077
1.491550e+08 1.015951 1.020333 1.017516 1.019820 1.035293 1.035486 1.028380 1.028502
1.492350e+08 1.016057 1.020568 1.017971 1.020255 1.035499 1.035760 1.028717 1.028900
1.493150e+08 1.016139 1.020776 1.018398 1.020664 1.035674 1.036006 1.029027 1.029271
1.493950e+08 1.016196 1.020959 1.018798 1.021047 1.035818 1.036225 1.029307 1.029614
1.494750e+08 1.016228 1.021114 1.019170 1.021404 1.035930 1.036415 1.029559 1.029929
1.495550e+08 1.016236 1.021244 1.019513 1.021734 1.036010 1.036578 1.029782 1.030216
1.496350e+08 1.016220 1.021346 1.019829 1.022038 1.036060 1.036712 1.029976 1.030474
1.497150e+08 1.016180 1.021423 1.020117 1.022316 1.036078 1.036819 1.030141 1.030705
1.497950e+08 1.016116 1.021473 1.020378 1.022568 1.036065 1.036898 1.030278 1.030907
1.498750e+08 1.016028 1.021496 1.020610 1.022794 1.036022 1.036949 1.030386 1.031082
1.499550e+08 1.015917 1.021493 1.020815 1.022994 1.035948 1.036972 1.030466 1.031228
1.500350e+08 1.015783 1.021464 1.020993 1.023168 1.035844 1.036968 1.030518 1.031346
1.501150e+08 1.015627 1.021410 1.021143 1.023317 1.035711 1.036937 1.030542 1.031437
1.501950e+08 1.015449 1.021330 1.021267 1.023441 1.035548 1.036878 1.030538 1.031500
1.502750e+08 1.015248 1.021224 1.021364 1.023540 1.035356 1.036793 1.030508 1.031535
1.503550e+08 1.015027 1.021094 1.021435 1.023614 1.035137 1.036682 1.030451 1.031544
1.504350e+08 1.014785 1.020939 1.021481 1.023664 1.034889 1.036544 1.030367 1.031526
1.505150e+08 1.014522 1.020760 1.021500 1.023691 1.034615 1.036381 1.030258 1.031482
1.505950e+08 1.014240 1.020557 1.021495 1.023694 1.034314 1.036193 1.030123 1.031411
1.506750e+08 1.013939 1.020331 1.021466 1.023675 1.033987 1.035980 1.029963 1.031316
1.507550e+08 1.013620 1.020083 1.021413 1.023633 1.033635 1.035743 1.029780 1.031195
1.508350e+08 1.013283 1.019813 1.021336 1.023569 1.033259 1.035482 1.029572 1.031050
1.509150e+08 1.012929 1.019521 1.021237 1.023485 1.032859 1.035199 1.029342 1.030881
1.509950e+08 1.012558 1.019209 1.021116 1.023380 1.032437 1.034893 1.029090 1.030688
1.510750e+08 1.012172 1.018876 1.020974 1.023255 1.031992 1.034565 1.028816 1.030473
1.511550e+08 1.011772 1.018524 1.020811 1.023111 1.031527 1.034216 1.028521 1.030236
1.512350e+08 1.011357 1.018154 1.020628 1.022948 1.031042 1.033847 1.028206 1.029977
1.513150e+08 1.010929 1.017766 1.020426 1.022768 1.030537 1.033458 1.027872 1.029698
1.513950e+08 1.010489 1.017360 1.020205 1.022571 1.030014 1.033050 1.027519 1.029399
1.514750e+08 1.010037 1.016939 1.019967 1.022357 1.029475 1.032625 1.027149 1.029080
1.515550e+08 1.009575 1.016502 1.019713 1.022129 1.028918 1.032182 1.026762 1.028744
1.516350e+08 1.009103 1.016051 1.019443 1.021885 1.028347 1.031722 1.026359 1.028389
1.517150e+08 1.008622 1.015586 1.019158 1.021628 1.027762 1.031247 1.025941 1.028019
1.517950e+08 1.008133 1.015109 1.018859 1.021358 1.027163 1.030758 1.025510 1.027632
1.518750e+08 1.007638 1.014620 1.018546 1.021075 1.026553 1.030254 1.025065 1.027230
1.519550e+08 1.007136 1.014120 1.018222 1.020782 1.025932 1.029738 1.024609 1.026814
1.520350e+08 1.006629 1.013611 1.017887 1.020478 1.025301 1.029210 1.024141 1.026385
1.521150e+08 1.006119 1.013092 1.017541 1.020166 1.024662 1.028670 1.023663 1.025944
1.521950e+08 1.005605 1.012566 1.017187 1.019844 1.024015 1.028121 1.023176 1.025492
1.522750e+08 1.005088 1.012034 1.016824 1.019515 1.023362 1.027563 1.022682 1.025030
1.523550e+08 1.004571 1.011495 1.016454 1.019180 1.022703 1.026996 1.022180 1.024558
1.524350e+08 1.004054 1.010952 1.016078 1.018839 1.022041 1.026422 1.021672 1.024078
1.525150e+08 1.003537 1.010405 1.015697 1.018494 1.021376 1.025843 1.021160 1.023591
1.525950e+08 1.003022 1.009856 1.015312 1.018144 1.020709 1.025258 1.020643 1.023098
1.526750e+08 1.002509 1.009305 1.014924 1.017793 1.020041 1.024668 1.020124 1.022599
1.527550e+08 1.002001 1.008754 1.014533 1.017439 1.019375 1.024076 1.019603 1.022096
1.528350e+08 1.001496 1.008203 1.014142 1.017084 1.018709 1.023482 1.019081 1.021590
1.529150e+08 1.000998 1.007654 1.013751 1.016730 1.018047 1.022886 1.018559 1.021082
1.529950e+08 1.000506 1.007108 1.013361 1.016377 1.017389 1.022290 1.018039 1.020572
1.530750e+08 1.000021 1.006565 1.012973 1.016025 1.016736 1.021695 1.017521 1.020063
1.531550e+08 0.999545 1.006027 1.012588 1.015677 1.016089 1.021102 1.017006 1.019554
1.532350e+08 0.999078 1.005494 1.012207 1.015333 1.015449 1.020511 1.016496 1.019047
1.533150e+08 0.998621 1.004969 1.011831 1.014993 1.014818 1.019924 1.015991 1.018543
1.533950e+08 0.998175 1.004451 1.011461 1.014659 1.014196 1.019342 1.015493 1.018042
1.534750e+08 0.997741 1.003942 1.011099 1.014331 1.013585 1.018765 1.015001 1.017547
1.535550e+08 0.997319 1.003442 1.010744 1.014011 1.012985 1.018195 1.014518 1.017057
1.536350e+08 0.996911 1.002953 1.010398 1.013699 1.012397 1.017632 1.014045 1.016574
1.537150e+08 0.996518 1.002475 1.010062 1.013396 1.011823 1.017078 1.013581 1.016098
1.537950e+08 0.996139 1.002010 1.009736 1.013103 1.011263 1.016532 1.013128 1.015631
1.538750e+08 0.995776 1.001558 1.009422 1.012820 1.010719 1.015997 1.012687 1.015173
1.539550e+08 0.995429 1.001120 1.009121 1.012549 1.010190 1.015472 1.012259 1.014726
1.540350e+08 0.995100 1.000698 1.008832 1.012290 1.009678 1.014959 1.011844 1.014290
1.541150e+08 0.994789 1.000291 1.008558 1.012044 1.009184 1.014458 1.011443 1.013865
1.541950e+08 0.994496 0.999900 1.008298 1.011811 1.008709 1.013970 1.011058 1.013453
1.542750e+08 0.994222 0.999527 1.008054 1.011592 1.008253 1.013496 1.010688 1.013055
1.543550e+08 0.993967 0.999171 1.007826 1.011388 1.007816 1.013037 1.010334 1.012670
1.544350e+08 0.993733 0.998835 1.007614 1.011199 1.007401 1.012592 1.009998 1.012301
1.545150e+08 0.993519 0.998517 1.007420 1.011026 1.007006 1.012164 1.009679 1.011947
1.545950e+08 0.993326 0.998220 1.007245 1.010869 1.006633 1.011751 1.009379 1.011609
1.546750e+08 0.993155 0.997942 1.007087 1.010730 1.006283 1.011356 1.009097 1.011288
1.547550e+08 0.993006 0.997686 1.006949 1.010607 1.005955 1.010978 1.008835 1.010984
1.548350e+08 0.992879 0.997452 1.006831 1.010502 1.005651 1.010618 1.008593 1.010699
1.549150e+08 0.992775 0.997239 1.006732 1.010416 1.005370 1.010276 1.008371 1.010431
1.549950e+08 0.992693 0.997048 1.006654 1.010347 1.005114 1.009953 1.008169 1.010183
1.550750e+08 0.992635 0.996881 1.006597 1.010298 1.004881 1.009650 1.007989 1.009954
1.551550e+08 0.992600 0.996736 1.006561 1.010267 1.004674 1.009365 1.007830 1.009744
1.552350e+08 0.992588 0.996615 1.006547 1.010256 1.004491 1.009101 1.007693 1.009554
1.553150e+08 0.992600 0.996517 1.006554 1.010264 1.004334 1.008856 1.007578 1.009385
1.553950e+08 0.992635 0.996444 1.006583 1.010292 1.004201 1.008632 1.007485 1.009237
1.554750e+08 0.992695 0.996394 1.006635 1.010339 1.004094 1.008429 1.007415 1.009109
1.555550e+08 0.992778 0.996368 1.006708 1.010406 1.004013 1.008246 1.007367 1.009002
1.556350e+08 0.992885 0.996367 1.006804 1.010493 1.003956 1.008083 1.007341 1.008916
1.557150e+08 0.993015 0.996390 1.006923 1.010599 1.003926 1.007942 1.007338 1.008852
1.557950e+08 0.993169 0.996437 1.007063 1.010726 1.003920 1.007821 1.007357 1.008809
1.558750e+08 0.993346 0.996508 1.007226 1.010872 1.003939 1.007721 1.007399 1.008787
1.559550e+08 0.993547 0.996604 1.007412 1.011037 1.003983 1.007642 1.007463 1.008787
1.560350e+08 0.993770 0.996723 1.007619 1.011222 1.004052 1.007584 1.007550 1.008808
1.561150e+08 0.994017 0.996866 1.007849 1.011426 1.004146 1.007546 1.007659 1.008850
1.561950e+08 0.994285 0.997033 1.008100 1.011648 1.004263 1.007528 1.007789 1.008913
1.562750e+08 0.994576 0.997223 1.008373 1.011890 1.004404 1.007530 1.007942 1.008998
1.563550e+08 0.994889 0.997437 1.008666 1.012149 1.004569 1.007553 1.008115 1.009102
1.564350e+08 0.995222 0.997672 1.008981 1.012427 1.004756 1.007595 1.008310 1.009227
1.565150e+08 0.995577 0.997931 1.009317 1.012722 1.004966 1.007656 1.008525 1.009372
1.565950e+08 0.995952 0.998211 1.009672 1.013034 1.005197 1.007736 1.008760 1.009537
1.566750e+08 0.996347 0.998512 1.010047 1.013362 1.005450 1.007834 1.009016 1.009722
1.567550e+08 0.996761 0.998835 1.010441 1.013707 1.005723 1.007951 1.009290 1.009925
1.568350e+08 0.997194 0.999178 1.010854 1.014067 1.006016 1.008085 1.009583 1.010146
1.569150e+08 0.997645 0.999540 1.011285 1.014443 1.006329 1.008236 1.009894 1.010386
1.569950e+08 0.998113 0.999922 1.011733 1.014832 1.006660 1.008403 1.010223 1.010643
1.570750e+08 0.998598 1.000323 1.012199 1.015236 1.007009 1.008586 1.010569 1.010916
1.571550e+08 0.999100 1.000741 1.012680 1.015653 1.007375 1.008785 1.010931 1.011207
1.572350e+08 0.999616 1.001176 1.013177 1.016082 1.007756 1.008998 1.011308 1.011512
1.573150e+08 1.000148 1.001628 1.013688 1.016522 1.008154 1.009225 1.011700 1.011833
1.573950e+08 1.000693 1.002096 1.014214 1.016974 1.008565 1.009466 1.012107 1.012168
1.574750e+08 1.001251 1.002578 1.014753 1.017436 1.008990 1.009719 1.012526 1.012516
1.575550e+08 1.001821 1.003075 1.015304 1.017908 1.009427 1.009984 1.012958 1.012877
1.576350e+08 1.002403 1.003584 1.015867 1.018388 1.009876 1.010259 1.013402 1.013251
1.577150e+08 1.002996 1.004106 1.016440 1.018875 1.010336 1.010545 1.013856 1.013635
1.577950e+08 1.003598 1.004639 1.017023 1.019370 1.010805 1.010840 1.014320 1.014030
1.578750e+08 1.004209 1.005183 1.017615 1.019871 1.011282 1.011144 1.014793 1.014434
1.579550e+08 1.004827 1.005737 1.018215 1.020377 1.011767 1.011455 1.015274 1.014847
1.580350e+08 1.005453 1.006298 1.018822 1.020887 1.012258 1.011773 1.015762 1.015267
1.581150e+08 1.006084 1.006868 1.019435 1.021401 1.012754 1.012097 1.016256 1.015695
1.581950e+08 1.006721 1.007444 1.020053 1.021917 1.013255 1.012426 1.016756 1.016128
1.582750e+08 1.007361 1.008026 1.020676 1.022434 1.013758 1.012758 1.017259 1.016566
1.583550e+08 1.008005 1.008612 1.021301 1.022952 1.014263 1.013094 1.017766 1.017008
1.584350e+08 1.008651 1.009201 1.021928 1.023470 1.014769 1.013432 1.018274 1.017453
1.585150e+08 1.009298 1.009794 1.022556 1.023986 1.015275 1.013770 1.018784 1.017900
1.585950e+08 1.009945 1.010387 1.023185 1.024500 1.015779 1.014109 1.019293 1.018348
1.586750e+08 1.010592 1.010982 1.023812 1.025011 1.016280 1.014447 1.019802 1.018796
1.587550e+08 1.011236 1.011575 1.024437 1.025518 1.016778 1.014784 1.020308 1.019243
1.588350e+08 1.011878 1.012167 1.025060 1.026019 1.017270 1.015117 1.020812 1.019688
1.589150e+08 1.012516 1.012756 1.025677 1.026515 1.017756 1.015447 1.021311 1.020130
1.589950e+08 1.013150 1.013342 1.026290 1.027003 1.018235 1.015771 1.021805 1.020568
1.590750e+08 1.013778 1.013922 1.026897 1.027483 1.018706 1.016090 1.022293 1.021001
1.591550e+08 1.014399 1.014497 1.027496 1.027954 1.019167 1.016403 1.022773 1.021428
1.592350e+08 1.015013 1.015065 1.028087 1.028415 1.019618 1.016707 1.023246 1.021848
1.593150e+08 1.015618 1.015625 1.028669 1.028866 1.020057 1.017003 1.023709 1.022260
1.593950e+08 1.016214 1.016176 1.029240 1.029305 1.020482 1.017289 1.024161 1.022662
1.594750e+08 1.016800 1.016717 1.029801 1.029731 1.020895 1.017565 1.024603 1.023055
1.595550e+08 1.017374 1.017248 1.030349 1.030144 1.021292 1.017829 1.025032 1.023436
1.596350e+08 1.017936 1.017766 1.030883 1.030542 1.021673 1.018080 1.025447 1.023806
1.597150e+08 1.018486 1.018272 1.031404 1.030925 1.022037 1.018319 1.025849 1.024163
1.597950e+08 1.019021 1.018764 1.031910 1.031292 1.022383 1.018543 1.026236 1.024505
1.598750e+08 1.019543 1.019241 1.032399 1.031643 1.022711 1.018751 1.026606 1.024833
1.599550e+08 1.020049 1.019703 1.032872 1.031976 1.023018 1.018944 1.026960 1.025146
1.600350e+08 1.020538 1.020149 1.033327 1.032290 1.023305 1.019120 1.027295 1.025442
1.601150e+08 1.021011 1.020578 1.033763 1.032586 1.023571 1.019279 1.027613 1.025720
1.601950e+08 1.021467 1.020988 1.034180 1.032862 1.023813 1.019419 1.027910 1.025981
1.602750e+08 1.021904 1.021380 1.034577 1.033118 1.024033 1.019540 1.028188 1.026222
1.603550e+08 1.022322 1.021752 1.034953 1.033352 1.024228 1.019641 1.028444 1.026444
1.604350e+08 1.022721 1.022105 1.035308 1.033565 1.024399 1.019722 1.028679 1.026645
1.605150e+08 1.023099 1.022436 1.035640 1.033756 1.024544 1.019781 1.028891 1.026825
1.605950e+08 1.023457 1.022746 1.035949 1.033924 1.024663 1.019818 1.029080 1.026983
1.606750e+08 1.023794 1.023033 1.036235 1.034069 1.024756 1.019833 1.029245 1.027119
1.607550e+08 1.024109 1.023298 1.036496 1.034190 1.024821 1.019825 1.029387 1.027231
1.608350e+08 1.024402 1.023540 1.036733 1.034287 1.024858 1.019793 1.029503 1.027320
1.609150e+08 1.024673 1.023758 1.036944 1.034359 1.024866 1.019737 1.029593 1.027384
1.609950e+08 1.024920 1.023952 1.037130 1.034406 1.024846 1.019656 1.029658 1.027424
1.610750e+08 1.025144 1.024121 1.037290 1.034429 1.024796 1.019550 1.029696 1.027438
1.611550e+08 1.025344 1.024265 1.037423 1.034425 1.024717 1.019419 1.029708 1.027426
1.612350e+08 1.025521 1.024384 1.037529 1.034396 1.024608 1.019262 1.029692 1.027388
1.613150e+08 1.025673 1.024477 1.037608 1.034341 1.024468 1.019079 1.029649 1.027324
1.613950e+08 1.025801 1.024544 1.037659 1.034259 1.024297 1.018869 1.029578 1.027233
1.614750e+08 1.025905 1.024585 1.037683 1.034152 1.024096 1.018632 1.029479 1.027115
1.615550e+08 1.025983 1.024599 1.037679 1.034018 1.023864 1.018368 1.029351 1.026969
1.616350e+08 1.026037 1.024588 1.037646 1.033857 1.023601 1.018077 1.029195 1.026796
1.617150e+08 1.026067 1.024549 1.037585 1.033670 1.023307 1.017759 1.029011 1.026595
1.617950e+08 1.026071 1.024484 1.037496 1.033456 1.022981 1.017414 1.028797 1.026366
1.618750e+08 1.026051 1.024393 1.037379 1.033216 1.022624 1.017041 1.028555 1.026108
1.619550e+08 1.026006 1.024275 1.037233 1.032949 1.022237 1.016640 1.028284 1.025823
1.620350e+08 1.025936 1.024130 1.037060 1.032657 1.021818 1.016212 1.027985 1.025510
1.621150e+08 1.025842 1.023959 1.036857 1.032338 1.021369 1.015756 1.027656 1.025169
1.621950e+08 1.025724 1.023762 1.036627 1.031993 1.020889 1.015273 1.027299 1.024800
1.622750e+08 1.025581 1.023538 1.036369 1.031623 1.020379 1.014763 1.026914 1.024403
1.623550e+08 1.025415 1.023289 1.036084 1.031228 1.019838 1.014226 1.026501 1.023978
1.624350e+08 1.025226 1.023015 1.035771 1.030808 1.019268 1.013662 1.026059 1.023526
1.625150e+08 1.025013 1.022716 1.035431 1.030363 1.018669 1.013071 1.025590 1.023046
1.625950e+08 1.024778 1.022391 1.035064 1.029894 1.018041 1.012454 1.025093 1.022540
1.626750e+08 1.024520 1.022043 1.034671 1.029401 1.017384 1.011812 1.024570 1.022007
1.627550e+08 1.024240 1.021670 1.034252 1.028885 1.016700 1.011143 1.024020 1.021448
1.628350e+08 1.023939 1.021275 1.033808 1.028347 1.015988 1.010449 1.023443 1.020862
1.629150e+08 1.023618 1.020856 1.033339 1.027786 1.015250 1.009731 1.022841 1.020252
1.629950e+08 1.023275 1.020415 1.032845 1.027203 1.014485 1.008988 1.022214 1.019616
1.630750e+08 1.022914 1.019952 1.032327 1.026599 1.013695 1.008222 1.021562 1.018956
1.631550e+08 1.022533 1.019469 1.031787 1.025975 1.012881 1.007432 1.020886 1.018271
1.632350e+08 1.022133 1.018965 1.031223 1.025332 1.012042 1.006619 1.020187 1.017564
1.633150e+08 1.021716 1.018441 1.030638 1.024669 1.011180 1.005784 1.019465 1.016833
1.633950e+08 1.021282 1.017898 1.030032 1.023988 1.010296 1.004928 1.018720 1.016081
1.634750e+08 1.020831 1.017337 1.029405 1.023289 1.009390 1.004051 1.017955 1.015307
1.635550e+08 1.020364 1.016759 1.028758 1.022573 1.008463 1.003154 1.017168 1.014512
1.636350e+08 1.019883 1.016164 1.028093 1.021842 1.007517 1.002238 1.016362 1.013697
1.637150e+08 1.019388 1.015554 1.027409 1.021095 1.006552 1.001303 1.015537 1.012863
1.637950e+08 1.018880 1.014928 1.026708 1.020333 1.005568 1.000349 1.014693 1.012010
1.638750e+08 1.018359 1.014289 1.025991 1.019559 1.004568 0.999379 1.013832 1.011140
1.639550e+08 1.017827 1.013637 1.025258 1.018771 1.003552 0.998393 1.012954 1.010253
1.640350e+08 1.017284 1.012973 1.024511 1.017972 1.002521 0.997391 1.012061 1.009349
1.641150e+08 1.016731 1.012297 1.023750 1.017161 1.001476 0.996374 1.011153 1.008431
1.641950e+08 1.016170 1.011611 1.022977 1.016341 1.000417 0.995343 1.010231 1.007498
1.642750e+08 1.015600 1.010916 1.022191 1.015512 0.999348 0.994300 1.009296 1.006552
1.643550e+08 1.015024 1.010213 1.021395 1.014674 0.998267 0.993245 1.008349 1.005593
1.644350e+08 1.014442 1.009503 1.020590 1.013829 0.997177 0.992178 1.007392 1.004623
1.645150e+08 1.013855 1.008786 1.019775 1.012978 0.996078 0.991102 1.006424 1.003642
1.645950e+08 1.013263 1.008065 1.018953 1.012122 0.994971 0.990016 1.005447 1.002652
1.646750e+08 1.012669 1.007339 1.018124 1.011261 0.993859 0.988922 1.004463 1.001653
1.647550e+08 1.012073 1.006610 1.017289 1.010396 0.992741 0.987820 1.003471 1.000646
1.648350e+08 1.011475 1.005880 1.016449 1.009529 0.991619 0.986712 1.002474 0.999632
1.649150e+08 1.010877 1.005148 1.015606 1.008661 0.990494 0.985599 1.001471 0.998613
1.649950e+08 1.010280 1.004416 1.014760 1.007792 0.989367 0.984481 1.000465 0.997590
1.650750e+08 1.009685 1.003686 1.013913 1.006923 0.988239 0.983359 0.999456 0.996562
1.651550e+08 1.009093 1.002957 1.013065 1.006055 0.987112 0.982235 0.998444 0.995532
1.652350e+08 1.008504 1.002232 1.012218 1.005190 0.985986 0.981110 0.997432 0.994500
1.653150e+08 1.007921 1.001511 1.011372 1.004327 0.984863 0.979983 0.996421 0.993467
1.653950e+08 1.007342 1.000795 1.010528 1.003469 0.983743 0.978857 0.995410 0.992435
1.654750e+08 1.006771 1.000086 1.009688 1.002615 0.982628 0.977732 0.994402 0.991403
1.655550e+08 1.006207 0.999383 1.008853 1.001768 0.981519 0.976609 0.993396 0.990374
1.656350e+08 1.005651 0.998689 1.008022 1.000926 0.980417 0.975490 0.992395 0.989348
1.657150e+08 1.005105 0.998004 1.007199 1.000092 0.979322 0.974374 0.991399 0.988326
1.657950e+08 1.004569 0.997329 1.006382 0.999267 0.978236 0.973263 0.990409 0.987309
1.658750e+08 1.004044 0.996665 1.005574 0.998450 0.977161 0.972158 0.989426 0.986298
1.659550e+08 1.003531 0.996013 1.004775 0.997643 0.976096 0.971059 0.988451 0.985294
1.660350e+08 1.003031 0.995374 1.003987 0.996847 0.975042 0.969968 0.987485 0.984297
1.661150e+08 1.002545 0.994748 1.003209 0.996062 0.974002 0.968885 0.986529 0.983309
1.661950e+08 1.002073 0.994137 1.002443 0.995289 0.972975 0.967811 0.985583 0.982331
1.662750e+08 1.001616 0.993541 1.001689 0.994529 0.971962 0.966746 0.984648 0.981362
1.663550e+08 1.001175 0.992961 1.000949 0.993782 0.970965 0.965693 0.983726 0.980405
1.664350e+08 1.000750 0.992398 1.000223 0.993048 0.969983 0.964650 0.982816 0.979459
1.665150e+08 1.000343 0.991852 0.999512 0.992330 0.969019 0.963620 0.981921 0.978526
1.665950e+08 0.999954 0.991325 0.998816 0.991626 0.968072 0.962602 0.981039 0.977606
1.666750e+08 0.999584 0.990816 0.998137 0.990938 0.967143 0.961598 0.980173 0.976700
1.667550e+08 0.999232 0.990327 0.997474 0.990266 0.966233 0.960607 0.979323 0.975808
1.668350e+08 0.998901 0.989857 0.996829 0.989611 0.965343 0.959632 0.978489 0.974932
1.669150e+08 0.998589 0.989409 0.996202 0.988972 0.964473 0.958671 0.977672 0.974071
1.669950e+08 0.998299 0.988981 0.995594 0.988351 0.963623 0.957726 0.976873 0.973227
1.670750e+08 0.998029 0.988575 0.995004 0.987748 0.962795 0.956797 0.976092 0.972399
1.671550e+08 0.997781 0.988191 0.994435 0.987163 0.961988 0.955884 0.975329 0.971589
1.672350e+08 0.997556 0.987829 0.993885 0.986595 0.961204 0.954989 0.974586 0.970796
1.673150e+08 0.997352 0.987490 0.993355 0.986047 0.960442 0.954111 0.973862 0.970022
1.673950e+08 0.997172 0.987174 0.992847 0.985517 0.959702 0.953251 0.973158 0.969267
1.674750e+08 0.997014 0.986882 0.992359 0.985006 0.958986 0.952409 0.972474 0.968530
1.675550e+08 0.996880 0.986612 0.991892 0.984514 0.958294 0.951585 0.971811 0.967812
1.676350e+08 0.996769 0.986367 0.991447 0.984041 0.957624 0.950780 0.971169 0.967114
1.677150e+08 0.996681 0.986145 0.991024 0.983587 0.956979 0.949994 0.970548 0.966436
1.677950e+08 0.996617 0.985947 0.990622 0.983153 0.956358 0.949227 0.969947 0.965777
1.678750e+08 0.996577 0.985773 0.990242 0.982737 0.955760 0.948479 0.969369 0.965139
1.679550e+08 0.996561 0.985623 0.989884 0.982341 0.955186 0.947751 0.968811 0.964521
1.680350e+08 0.996569 0.985498 0.989549 0.981964 0.954637 0.947041 0.968276 0.963923
1.681150e+08 0.996600 0.985396 0.989235 0.981605 0.954111 0.946351 0.967761 0.963345
1.681950e+08 0.996656 0.985317 0.988943 0.981265 0.953610 0.945681 0.967269 0.962788
1.682750e+08 0.996734 0.985263 0.988673 0.980943 0.953132 0.945029 0.966798 0.962250
1.683550e+08 0.996837 0.985232 0.988424 0.980640 0.952677 0.944397 0.966348 0.961733
1.684350e+08 0.996962 0.985223 0.988197 0.980354 0.952246 0.943784 0.965919 0.961236
1.685150e+08 0.997111 0.985238 0.987991 0.980086 0.951838 0.943190 0.965512 0.960759
1.685950e+08 0.997282 0.985276 0.987805 0.979835 0.951452 0.942614 0.965125 0.960301
1.686750e+08 0.997476 0.985335 0.987641 0.979601 0.951089 0.942057 0.964759 0.959863
1.687550e+08 0.997692 0.985417 0.987497 0.979383 0.950748 0.941519 0.964414 0.959443
1.688350e+08 0.997930 0.985520 0.987372 0.979181 0.950428 0.940998 0.964088 0.959043
1.689150e+08 0.998189 0.985643 0.987267 0.978995 0.950130 0.940494 0.963782 0.958661
1.689950e+08 0.998469 0.985787 0.987181 0.978823 0.949852 0.940008 0.963495 0.958296
1.690750e+08 0.998769 0.985951 0.987113 0.978665 0.949594 0.939538 0.963227 0.957950
1.691550e+08 0.999089 0.986134 0.987064 0.978521 0.949355 0.939085 0.962977 0.957620
1.692350e+08 0.999428 0.986336 0.987031 0.978390 0.949135 0.938647 0.962745 0.957307
1.693150e+08 0.999787 0.986556 0.987016 0.978272 0.948933 0.938225 0.962529 0.957010
1.693950e+08 1.000163 0.986792 0.987016 0.978165 0.948748 0.937818 0.962331 0.956729
1.694750e+08 1.000557 0.987046 0.987032 0.978069 0.948580 0.937424 0.962149 0.956463
1.695550e+08 1.000967 0.987315 0.987063 0.977984 0.948428 0.937044 0.961981 0.956210
1.696350e+08 1.001394 0.987599 0.987107 0.977908 0.948291 0.936677 0.961829 0.955972
