   1.6715501e+08	       0.0000000	       0.0000000	       0.0000000	       0.0000000	       0.0000000	       0.0000000	       0.0000000	       0.0000000	
   1.6723501e+08	       1.0623997	       1.0623830	       1.0993675	       1.1084269	       1.1370332	       1.1444812	       1.1313941	       1.1344099	
   1.6731501e+08	       1.0823033	       1.0814491	       1.1202707	       1.1241685	       1.1573470	       1.1625769	       1.1482505	       1.1545305	
   1.6739501e+08	       1.0768455	       1.0789386	       1.1165306	       1.1246452	       1.1576714	       1.1608999	       1.1513132	       1.1545893	
   1.6747501e+08	       1.0772901	       1.0813578	       1.1166963	       1.1237103	       1.1530559	       1.1597603	       1.1509686	       1.1453442	
   1.6755501e+08	       1.0773351	       1.0801725	       1.1132418	       1.1231378	       1.1509804	       1.1604314	       1.1478074	       1.1514742	
   1.6763501e+08	       1.0774277	       1.0802131	       1.1109853	       1.1207192	       1.1515412	       1.1594648	       1.1507711	       1.1578147	
   1.6771501e+08	       1.0761282	       1.0809189	       1.1113946	       1.1231042	       1.1543528	       1.1561171	       1.1497247	       1.1513694	
   1.6779501e+08	       1.0777664	       1.0836340	       1.1142725	       1.1234265	       1.1542665	       1.1569442	       1.1517586	       1.1527743	
   1.6787501e+08	       1.0782248	       1.0817095	       1.1137377	       1.1224145	       1.1523711	       1.1535040	       1.1551094	       1.1444595	
   1.6795501e+08	       1.0777606	       1.0819641	       1.1175652	       1.1233675	       1.1494978	       1.1543137	       1.1479055	       1.1455394	
   1.6803501e+08	       1.0812178	       1.0827295	       1.1157828	       1.1210083	       1.1474383	       1.1524868	       1.1483784	       1.1463951	
   1.6811501e+08	       1.0807965	       1.0855056	       1.1165581	       1.1221278	       1.1471126	       1.1501368	       1.1474533	       1.1465293	
   1.6819501e+08	       1.0802842	       1.0824953	       1.1129840	       1.1161182	       1.1460327	       1.1501722	       1.1441088	       1.1514927	
   1.6827501e+08	       1.0639239	       1.0687360	       1.0949002	       1.1057147	       1.1321355	       1.1360289	       1.1335789	       1.1341149	
   1.6835501e+08	       0.0000000	       0.0000000	       0.0000000	       0.0000000	       0.0000000	       0.0000000	       0.0000000	       0.0000000	
   1.6843501e+08	       0.0000000	       0.0000000	       0.0000000	       0.0000000	       0.0000000	       0.0000000	       0.0000000	       0.0000000	
   1.6851501e+08	       1.0589631	       1.0671027	       1.0862824	       1.0991026	       1.1243774	       1.1282142	       1.1298769	       1.1314715	
   1.6859501e+08	       1.0784634	       1.0799871	       1.1107748	       1.1185820	       1.1425424	       1.1493346	       1.1496082	       1.1479422	
   1.6867501e+08	       1.0818312	       1.0799444	       1.1083968	       1.1185481	       1.1468645	       1.1484566	       1.1522178	       1.1499673	
   1.6875501e+08	       1.0794179	       1.0817576	       1.1118242	       1.1184451	       1.1433869	       1.1486387	       1.1535760	       1.1455117	
   1.6883501e+08	       1.0819337	       1.0814603	       1.1134003	       1.1170501	       1.1447208	       1.1496391	       1.1471295	       1.1511931	
   1.6891501e+08	       1.0806210	       1.0833032	       1.1108936	       1.1172871	       1.1473876	       1.1474427	       1.1459576	       1.1418921	
   1.6899501e+08	       1.0802080	       1.0816022	       1.1114046	       1.1174487	       1.1454390	       1.1459726	       1.1431835	       1.1385865	
   1.6907501e+08	       1.0802124	       1.0839555	       1.1065360	       1.1182944	       1.1480204	       1.1472020	       1.1465841	       1.1423058	
   1.6915501e+08	       1.0797228	       1.0808173	       1.1085328	       1.1169824	       1.1464784	       1.1464989	       1.1422581	       1.1333177	
   1.6923501e+08	       1.0816406	       1.0830026	       1.1057100	       1.1177389	       1.1464883	       1.1457804	       1.1390046	       1.1425286	
   1.6931501e+08	       1.0818813	       1.0846084	       1.1081231	       1.1164800	       1.1437038	       1.1453641	       1.1383056	       1.1372391	
   1.6939501e+08	       1.0839001	       1.0864179	       1.1126145	       1.1188176	       1.1422903	       1.1428526	       1.1345213	       1.1337424	
   1.6947501e+08	       1.0798612	       1.0806249	       1.1116311	       1.1178135	       1.1434337	       1.1415012	       1.1347814	       1.1389749	
   1.6955501e+08	       1.0679534	       1.0647224	       1.0977611	       1.1044572	       1.1259512	       1.1274875	       1.1181329	       1.1221201	
   1.6963501e+08	       0.0000000	       0.0000000	       0.0000000	       0.0000000	       0.0000000	       0.0000000	       0.0000000	       0.0000000	
   1.6971501e+08	       0.0000000	       0.0000000	       0.0000000	       0.0000000	       0.0000000	       0.0000000	       0.0000000	       0.0000000	
   1.6979501e+08	       1.0618991	       1.0646807	       1.0954515	       1.0979225	       1.1199832	       1.1218552	       1.1116476	       1.1133355	
   1.6987501e+08	       1.0800758	       1.0797031	       1.1111377	       1.1175235	       1.1405652	       1.1405742	       1.1307958	       1.1387575	
   1.6995501e+08	       1.0809251	       1.0810635	       1.1100614	       1.1149686	       1.1369790	       1.1385561	       1.1335213	       1.1349271	
   1.7003501e+08	       1.0802476	       1.0805638	       1.1090491	       1.1157407	       1.1380713	       1.1423143	       1.1325506	       1.1335690	
   1.7011501e+08	       1.0802496	       1.0843137	       1.1088085	       1.1161529	       1.1413276	       1.1407142	       1.1326396	       1.1324631	
   1.7019501e+08	       1.0814994	       1.0825399	       1.1121069	       1.1186389	       1.1400810	       1.1406569	       1.1305954	       1.1287304	
   1.7027501e+08	       1.0833795	       1.0838310	       1.1112731	       1.1124076	       1.1377018	       1.1399804	       1.1297143	       1.1291123	
   1.7035501e+08	       1.0831690	       1.0855846	       1.1152282	       1.1162955	       1.1369584	       1.1419572	       1.1360362	       1.1360302	
   1.7043501e+08	       1.0854044	       1.0836150	       1.1139545	       1.1140925	       1.1398622	       1.1392983	       1.1314668	       1.1333578	
   1.7051501e+08	       1.0842230	       1.0849041	       1.1143027	       1.1161688	       1.1390395	       1.1386824	       1.1295821	       1.1308568	
   1.7059501e+08	       1.0857913	       1.0879763	       1.1138635	       1.1129871	       1.1391024	       1.1379190	       1.1307972	       1.1329825	
   1.7067501e+08	       1.0844013	       1.0874996	       1.1103036	       1.1118838	       1.1400481	       1.1382455	       1.1289059	       1.1322660	
   1.7075501e+08	       1.0848856	       1.0884389	       1.1062126	       1.1102164	       1.1385676	       1.1361276	       1.1312401	       1.1340205	
   1.7083501e+08	       1.0691264	       1.0730097	       1.0926711	       1.0972965	       1.1242757	       1.1238806	       1.1182267	       1.1178713	
   1.7091501e+08	       0.0000000	       0.0000000	       0.0000000	       0.0000000	       0.0000000	       0.0000000	       0.0000000	       0.0000000	
   1.7099501e+08	       0.0000000	       0.0000000	       0.0000000	       0.0000000	       0.0000000	       0.0000000	       0.0000000	       0.0000000	
   1.7107501e+08	       1.0644249	       1.0695185	       1.0893473	       1.0956443	       1.1186703	       1.1195714	       1.1149530	       1.1203151	
   1.7115501e+08	       1.0808902	       1.0839540	       1.1101987	       1.1138560	       1.1351497	       1.1374368	       1.1377244	       1.1325121	
   1.7123501e+08	       1.0833262	       1.0840707	       1.1154828	       1.1160533	       1.1380955	       1.1381051	       1.1302710	       1.1371332	
   1.7131501e+08	       1.0836469	       1.0840741	       1.1136787	       1.1158766	       1.1364496	       1.1373603	       1.1388091	       1.1338935	
   1.7139501e+08	       1.0847760	       1.0846611	       1.1119777	       1.1160068	       1.1352137	       1.1377145	       1.1329669	       1.1307091	
   1.7147501e+08	       1.0846601	       1.0845403	       1.1069320	       1.1115742	       1.1383979	       1.1357922	       1.1333676	       1.1315488	
   1.7155501e+08	       1.0836334	       1.0852252	       1.1054670	       1.1105695	       1.1408446	       1.1355266	       1.1354473	       1.1317091	
   1.7163501e+08	       1.0835722	       1.0906793	       1.1022738	       1.1074630	       1.1371703	       1.1375158	       1.1407185	       1.1311331	
   1.7171501e+08	       1.0822350	       1.0891714	       1.1038911	       1.1091341	       1.1386799	       1.1362795	       1.1385429	       1.1265693	
   1.7179501e+08	       1.0813719	       1.0892021	       1.1065320	       1.1130187	       1.1366104	       1.1344864	       1.1404880	       1.1238905	
   1.7187501e+08	       1.0843365	       1.0882816	       1.1092878	       1.1138181	       1.1364587	       1.1306877	       1.1391489	       1.1325749	
   1.7195501e+08	       1.0868400	       1.0888062	       1.1138252	       1.1112541	       1.1371526	       1.1313755	       1.1389137	       1.1336211	
   1.7203501e+08	       1.0852836	       1.0880730	       1.1116094	       1.1150782	       1.1372558	       1.1290956	       1.1331498	       1.1330367	
   1.7211501e+08	       1.0716095	       1.0777035	       1.0967352	       1.0982963	       1.1197929	       1.1155341	       1.1281961	       1.1192546	
   1.7219501e+08	       0.0000000	       0.0000000	       0.0000000	       0.0000000	       0.0000000	       0.0000000	       0.0000000	       0.0000000	
   1.7227501e+08	       0.0000000	       0.0000000	       0.0000000	       0.0000000	       0.0000000	       0.0000000	       0.0000000	       0.0000000	
   1.7235501e+08	       1.0680974	       1.0701977	       1.0873518	       1.0932989	       1.1145051	       1.1094324	       1.1227974	       1.1162574	
   1.7243501e+08	       1.0891009	       1.0918513	       1.1050445	       1.1126738	       1.1314711	       1.1263805	       1.1377191	       1.1304125	
   1.7251501e+08	       1.0877160	       1.0916163	       1.1078347	       1.1144286	       1.1335771	       1.1268693	       1.1422419	       1.1263983	
   1.7259501e+08	       1.0864329	       1.0909958	       1.1115973	       1.1147905	       1.1318875	       1.1267594	       1.1379229	       1.1305342	
   1.7267501e+08	       1.0873151	       1.0899259	       1.1153457	       1.1175218	       1.1324625	       1.1273355	       1.1352849	       1.1319821	
   1.7275501e+08	       1.0882442	       1.0896422	       1.1156739	       1.1141431	       1.1304810	       1.1268441	       1.1397980	       1.1311868	
   1.7283501e+08	       1.0905507	       1.0900176	       1.1160627	       1.1159340	       1.1305184	       1.1268695	       1.1375946	       1.1246154	
   1.7291501e+08	       1.0867614	       1.0942427	       1.1132409	       1.1170984	       1.1317598	       1.1301733	       1.1402948	       1.1271383	
   1.7299501e+08	       1.0882450	       1.0912262	       1.1154467	       1.1157045	       1.1310734	       1.1242064	       1.1300417	       1.1214931	
   1.7307501e+08	       1.0903456	       1.0935912	       1.1140589	       1.1136966	       1.1306207	       1.1239639	       1.1301248	       1.1243772	
   1.7315501e+08	       1.0923447	       1.0932849	       1.1077800	       1.1123053	       1.1277557	       1.1268261	       1.1290749	       1.1241768	
   1.7323501e+08	       1.0907940	       1.0907086	       1.1052687	       1.1108600	       1.1301590	       1.1248781	       1.1308279	       1.1175102	
   1.7331501e+08	       1.0916119	       1.0933100	       1.1038258	       1.1104120	       1.1262299	       1.1235900	       1.1258210	       1.1147119	
   1.7339501e+08	       1.0746705	       1.0758476	       1.0919345	       1.0966457	       1.1130754	       1.1097801	       1.1043364	       1.1006017	
   1.7347501e+08	       0.0000000	       0.0000000	       0.0000000	       0.0000000	       0.0000000	       0.0000000	       0.0000000	       0.0000000	
   1.7355501e+08	       0.0000000	       0.0000000	       0.0000000	       0.0000000	       0.0000000	       0.0000000	       0.0000000	       0.0000000	
   1.7363501e+08	       1.0705969	       1.0735571	       1.0890353	       1.0933959	       1.1101830	       1.1073117	       1.0979329	       1.0957954	
   1.7371501e+08	       1.0861991	       1.0884167	       1.1065237	       1.1140593	       1.1264377	       1.1211716	       1.1169321	       1.1142486	
   1.7379501e+08	       1.0878293	       1.0887812	       1.1067240	       1.1143190	       1.1263688	       1.1226919	       1.1212716	       1.1182513	
   1.7387501e+08	       1.0839929	       1.0903476	       1.1039022	       1.1060584	       1.1250798	       1.1213044	       1.1177286	       1.1158135	
   1.7395501e+08	       1.0859459	       1.0866361	       1.1003417	       1.1044049	       1.1238123	       1.1198757	       1.1167520	       1.1155766	
   1.7403501e+08	       1.0857707	       1.0886519	       1.0976138	       1.1030863	       1.1244306	       1.1197717	       1.1236511	       1.1103236	
   1.7411501e+08	       1.0875965	       1.0883117	       1.0949560	       1.1019803	       1.1256125	       1.1149208	       1.1200954	       1.1127377	
   1.7419501e+08	       1.0869460	       1.0871757	       1.0957149	       1.1022003	       1.1205491	       1.1177925	       1.1227589	       1.1131981	
   1.7427501e+08	       1.0883849	       1.0912825	       1.0976280	       1.1039466	       1.1233042	       1.1133495	       1.1183017	       1.1164879	
   1.7435501e+08	       1.0843382	       1.0884768	       1.0997188	       1.1027362	       1.1201742	       1.1135416	       1.1214916	       1.1102621	
   1.7443501e+08	       1.0891246	       1.0894656	       1.1029038	       1.1037641	       1.1195460	       1.1108263	       1.1218928	       1.1133338	
   1.7451501e+08	       1.0882298	       1.0887245	       1.1028717	       1.1013686	       1.1180398	       1.1118608	       1.1223775	       1.1102179	
   1.7459501e+08	       1.0870535	       1.0896784	       1.0982981	       1.0968644	       1.1191404	       1.1102969	       1.1181012	       1.1086905	
   1.7467501e+08	       1.0732442	       1.0742362	       1.0827653	       1.0827848	       1.1044443	       1.0951567	       1.1005860	       1.0948655	
   1.7475501e+08	       0.0000000	       0.0000000	       0.0000000	       0.0000000	       0.0000000	       0.0000000	       0.0000000	       0.0000000	
   1.7483501e+08	       0.0000000	       0.0000000	       0.0000000	       0.0000000	       0.0000000	       0.0000000	       0.0000000	       0.0000000	
   1.7491501e+08	       1.0634492	       1.0695771	       1.0710259	       1.0742000	       1.0951501	       1.0883783	       1.0918137	       1.0849352	
   1.7499501e+08	       1.0853731	       1.0846595	       1.0880746	       1.0914681	       1.1125962	       1.1074093	       1.1092894	       1.1104478	
   1.7507501e+08	       1.0831226	       1.0837154	       1.0907164	       1.0907956	       1.1102156	       1.1036995	       1.1129594	       1.1062595	
   1.7515501e+08	       1.0824298	       1.0832955	       1.0936104	       1.0937979	       1.1103669	       1.1022230	       1.1139928	       1.1021447	
   1.7523501e+08	       1.0797494	       1.0803227	       1.0966963	       1.0918832	       1.1080656	       1.0996292	       1.1084529	       1.1047694	
   1.7531501e+08	       1.0772200	       1.0780584	       1.0913508	       1.0911213	       1.1083953	       1.0982247	       1.1076605	       1.0982591	
   1.7539501e+08	       1.0763526	       1.0773956	       1.0901764	       1.0883460	       1.1071989	       1.0964893	       1.1019723	       1.0972780	
   1.7547501e+08	       1.0727747	       1.0796921	       1.0880708	       1.0838167	       1.1059544	       1.0982097	       1.1067603	       1.1068836	
   1.7555501e+08	       1.0765741	       1.0799123	       1.0832006	       1.0850515	       1.1041046	       1.0937240	       1.1053645	       1.0985637	
   1.7563501e+08	       1.0736587	       1.0802522	       1.0827126	       1.0802082	       1.1037888	       1.0950551	       1.1040019	       1.0993600	
   1.7571501e+08	       1.0737730	       1.0791791	       1.0793761	       1.0818951	       1.1032858	       1.0918130	       1.0970366	       1.0899603	
   1.7579501e+08	       1.0724775	       1.0762788	       1.0821759	       1.0811038	       1.1015677	       1.0915288	       1.0929454	       1.0859927	
   1.7587501e+08	       1.0730260	       1.0747174	       1.0795565	       1.0804211	       1.0970762	       1.0894012	       1.0893993	       1.0864400	
   1.7595501e+08	       1.0609442	       1.0600911	       1.0663780	       1.0671211	       1.0819328	       1.0711821	       1.0706977	       1.0693274	
   1.7603501e+08	       0.0000000	       0.0000000	       0.0000000	       0.0000000	       0.0000000	       0.0000000	       0.0000000	       0.0000000	
   1.7611501e+08	       0.0000000	       0.0000000	       0.0000000	       0.0000000	       0.0000000	       0.0000000	       0.0000000	       0.0000000	
   1.7619501e+08	       1.0516279	       1.0509010	       1.0625443	       1.0561614	       1.0703516	       1.0694436	       1.0637247	       1.0655446	
   1.7627501e+08	       1.0664788	       1.0684560	       1.0765603	       1.0739197	       1.0880427	       1.0852838	       1.0857785	       1.0906410	
   1.7635501e+08	       1.0670240	       1.0665747	       1.0756842	       1.0724214	       1.0878770	       1.0831582	       1.0868861	       1.0824527	
   1.7643501e+08	       1.0640929	       1.0643514	       1.0710253	       1.0704569	       1.0847825	       1.0804370	       1.0785860	       1.0829239	
   1.7651501e+08	       1.0634454	       1.0632485	       1.0703218	       1.0731033	       1.0820853	       1.0807730	       1.0785969	       1.0781593	
   1.7659501e+08	       1.0613253	       1.0633937	       1.0692037	       1.0696542	       1.0826574	       1.0775285	       1.0790336	       1.0815832	
   1.7667501e+08	       1.0607897	       1.0594029	       1.0691406	       1.0732810	       1.0799547	       1.0752351	       1.0764436	       1.0773903	
   1.7675501e+08	       1.0545499	       1.0620029	       1.0722813	       1.0724735	       1.0825672	       1.0766847	       1.0827859	       1.0743520	
   1.7683501e+08	       1.0584407	       1.0581302	       1.0735046	       1.0701042	       1.0786389	       1.0732493	       1.0749483	       1.0701190	
   1.7691501e+08	       1.0585063	       1.0584571	       1.0729195	       1.0694396	       1.0771361	       1.0699715	       1.0765039	       1.0695199	
   1.7699501e+08	       1.0560621	       1.0601082	       1.0725605	       1.0663552	       1.0747760	       1.0703320	       1.0790245	       1.0732784	
   1.7707501e+08	       1.0591427	       1.0581444	       1.0684173	       1.0675430	       1.0718060	       1.0689139	       1.0787652	       1.0742883	
   1.7715501e+08	       1.0560153	       1.0552744	       1.0664264	       1.0621669	       1.0709480	       1.0651512	       1.0807291	       1.0686270	
   1.7723501e+08	       1.0424253	       1.0435868	       1.0480856	       1.0477380	       1.0589481	       1.0504815	       1.0605872	       1.0539662	
   1.7731501e+08	       0.0000000	       0.0000000	       0.0000000	       0.0000000	       0.0000000	       0.0000000	       0.0000000	       0.0000000	
   1.7739501e+08	       0.0000000	       0.0000000	       0.0000000	       0.0000000	       0.0000000	       0.0000000	       0.0000000	       0.0000000	
   1.7747501e+08	       1.0360262	       1.0344109	       1.0414721	       1.0423318	       1.0513629	       1.0462069	       1.0540685	       1.0500401	
   1.7755501e+08	       1.0525289	       1.0498196	       1.0616610	       1.0590956	       1.0649997	       1.0630985	       1.0703653	       1.0679104	
   1.7763501e+08	       1.0496068	       1.0494828	       1.0612977	       1.0592231	       1.0676215	       1.0627135	       1.0693072	       1.0632318	
   1.7771501e+08	       1.0512656	       1.0465167	       1.0627134	       1.0593755	       1.0678709	       1.0638612	       1.0677879	       1.0640691	
   1.7779501e+08	       1.0484220	       1.0465927	       1.0619111	       1.0582817	       1.0658080	       1.0612338	       1.0663770	       1.0638665	
   1.7787501e+08	       1.0475453	       1.0462391	       1.0597506	       1.0535853	       1.0646069	       1.0590376	       1.0668724	       1.0614252	
   1.7795501e+08	       1.0431437	       1.0458994	       1.0561749	       1.0528118	       1.0635609	       1.0555004	       1.0619910	       1.0564587	
   1.7803501e+08	       1.0398800	       1.0450841	       1.0514055	       1.0487555	       1.0631919	       1.0560243	       1.0668736	       1.0559068	
   1.7811501e+08	       1.0424342	       1.0460017	       1.0476041	       1.0478112	       1.0612962	       1.0531198	       1.0603151	       1.0507894	
   1.7819501e+08	       1.0435076	       1.0443113	       1.0493997	       1.0466185	       1.0595280	       1.0537210	       1.0635130	       1.0496945	
   1.7827501e+08	       1.0422083	       1.0440463	       1.0505587	       1.0446971	       1.0580183	       1.0491641	       1.0619312	       1.0540051	
   1.7835501e+08	       1.0404303	       1.0460110	       1.0519191	       1.0436541	       1.0570027	       1.0493422	       1.0580532	       1.0524721	
   1.7843501e+08	       1.0387718	       1.0451783	       1.0515639	       1.0429561	       1.0554090	       1.0438169	       1.0561616	       1.0486744	
   1.7851501e+08	       1.0296496	       1.0287657	       1.0381106	       1.0296311	       1.0413887	       1.0311577	       1.0424847	       1.0321685	
   1.7859501e+08	       0.0000000	       0.0000000	       0.0000000	       0.0000000	       0.0000000	       0.0000000	       0.0000000	       0.0000000	
   1.7867501e+08	       0.0000000	       0.0000000	       0.0000000	       0.0000000	       0.0000000	       0.0000000	       0.0000000	       0.0000000	
   1.7875501e+08	       1.0258698	       1.0247215	       1.0254183	       1.0211229	       1.0326699	       1.0264272	       1.0398637	       1.0256234	
   1.7883501e+08	       1.0394812	       1.0397886	       1.0436054	       1.0388201	       1.0490781	       1.0420028	       1.0576668	       1.0482816	
   1.7891501e+08	       1.0398507	       1.0382153	       1.0442214	       1.0388237	       1.0517557	       1.0424403	       1.0529893	       1.0496982	
   1.7899501e+08	       1.0394390	       1.0344999	       1.0419233	       1.0379582	       1.0503810	       1.0414929	       1.0526537	       1.0496484	
   1.7907501e+08	       1.0352265	       1.0348451	       1.0457344	       1.0381202	       1.0459969	       1.0392813	       1.0525999	       1.0438746	
   1.7915501e+08	       1.0341679	       1.0346813	       1.0464477	       1.0377638	       1.0495870	       1.0405601	       1.0498179	       1.0425735	
   1.7923501e+08	       1.0343906	       1.0323031	       1.0453952	       1.0391514	       1.0464856	       1.0382436	       1.0486119	       1.0350025	
   1.7931501e+08	       1.0345268	       1.0351377	       1.0469728	       1.0363584	       1.0481779	       1.0396652	       1.0543513	       1.0397765	
   1.7939501e+08	       1.0338504	       1.0307203	       1.0432192	       1.0309415	       1.0459260	       1.0385750	       1.0409734	       1.0356885	
   1.7947501e+08	       1.0351715	       1.0320405	       1.0426527	       1.0334484	       1.0418459	       1.0367253	       1.0447324	       1.0361433	
   1.7955501e+08	       1.0327906	       1.0336430	       1.0401869	       1.0277558	       1.0415853	       1.0340676	       1.0467170	       1.0332063	
   1.7963501e+08	       1.0307262	       1.0341793	       1.0364292	       1.0275133	       1.0423185	       1.0363125	       1.0423588	       1.0313771	
   1.7971501e+08	       1.0285000	       1.0348736	       1.0324067	       1.0286435	       1.0400699	       1.0311763	       1.0450586	       1.0317939	
   1.7979501e+08	       1.0175113	       1.0211170	       1.0195332	       1.0124698	       1.0264682	       1.0176477	       1.0243030	       1.0178477	
   1.7987501e+08	       0.0000000	       0.0000000	       0.0000000	       0.0000000	       0.0000000	       0.0000000	       0.0000000	       0.0000000	
   1.7995501e+08	       0.0000000	       0.0000000	       0.0000000	       0.0000000	       0.0000000	       0.0000000	       0.0000000	       0.0000000	
   1.8003501e+08	       1.0161910	       1.0193915	       1.0208068	       1.0141073	       1.0175842	       1.0129163	       1.0150046	       1.0185396	
   1.8011501e+08	       1.0336046	       1.0329031	       1.0410381	       1.0342468	       1.0331202	       1.0321136	       1.0328626	       1.0341906	
   1.8019501e+08	       1.0342708	       1.0318774	       1.0387946	       1.0292746	       1.0313479	       1.0310984	       1.0338285	       1.0366494	
   1.8027501e+08	       1.0299877	       1.0277388	       1.0359855	       1.0300688	       1.0324625	       1.0295163	       1.0345793	       1.0365046	
   1.8035501e+08	       1.0294068	       1.0258996	       1.0341302	       1.0269072	       1.0301081	       1.0269356	       1.0315504	       1.0324853	
   1.8043501e+08	       1.0307349	       1.0242280	       1.0329063	       1.0271201	       1.0290049	       1.0302387	       1.0349197	       1.0336791	
   1.8051501e+08	       1.0324414	       1.0263054	       1.0317908	       1.0252326	       1.0266105	       1.0255720	       1.0286169	       1.0348236	
   1.8059501e+08	       1.0270177	       1.0248488	       1.0319980	       1.0280157	       1.0248344	       1.0251506	       1.0376263	       1.0362945	
   1.8067501e+08	       1.0251157	       1.0229280	       1.0326984	       1.0291135	       1.0251493	       1.0224507	       1.0311400	       1.0359377	
   1.8075501e+08	       1.0269266	       1.0233305	       1.0365578	       1.0304214	       1.0234687	       1.0222169	       1.0330984	       1.0308863	
   1.8083501e+08	       1.0276049	       1.0239444	       1.0357184	       1.0289088	       1.0234781	       1.0190078	       1.0304563	       1.0273701	
   1.8091501e+08	       1.0237562	       1.0269920	       1.0368120	       1.0263950	       1.0188603	       1.0183718	       1.0325285	       1.0295208	
   1.8099501e+08	       1.0261247	       1.0233608	       1.0346179	       1.0241435	       1.0182620	       1.0174546	       1.0285033	       1.0273331	
   1.8107501e+08	       1.0140199	       1.0124180	       1.0165585	       1.0092970	       1.0051107	       1.0055163	       1.0102737	       1.0102429	
   1.8115501e+08	       0.0000000	       0.0000000	       0.0000000	       0.0000000	       0.0000000	       0.0000000	       0.0000000	       0.0000000	
   1.8123501e+08	       0.0000000	       0.0000000	       0.0000000	       0.0000000	       0.0000000	       0.0000000	       0.0000000	       0.0000000	
   1.8131501e+08	       1.0129309	       1.0096981	       1.0066447	       1.0039060	       1.0000424	       1.0051593	       1.0110405	       1.0055307	
   1.8139501e+08	       1.0294185	       1.0262029	       1.0261638	       1.0243996	       1.0177228	       1.0207799	       1.0253499	       1.0245104	
   1.8147501e+08	       1.0324096	       1.0263026	       1.0290509	       1.0254135	       1.0206770	       1.0204593	       1.0252984	       1.0226027	
   1.8155501e+08	       1.0299639	       1.0241936	       1.0302870	       1.0246289	       1.0191426	       1.0208872	       1.0199045	       1.0157658	
   1.8163501e+08	       1.0311208	       1.0205358	       1.0317168	       1.0213953	       1.0190386	       1.0191732	       1.0182751	       1.0205438	
   1.8171501e+08	       1.0324142	       1.0213911	       1.0330805	       1.0216542	       1.0200737	       1.0166230	       1.0224055	       1.0222408	
   1.8179501e+08	       1.0283977	       1.0201921	       1.0318293	       1.0195491	       1.0182937	       1.0164078	       1.0166195	       1.0164193	
   1.8187501e+08	       1.0273920	       1.0214422	       1.0283512	       1.0181484	       1.0197715	       1.0154213	       1.0197037	       1.0222040	
   1.8195501e+08	       1.0254141	       1.0213369	       1.0250305	       1.0167163	       1.0171066	       1.0149252	       1.0210241	       1.0173737	
   1.8203501e+08	       1.0251007	       1.0207914	       1.0255817	       1.0153763	       1.0158666	       1.0159480	       1.0162281	       1.0166368	
   1.8211501e+08	       1.0250208	       1.0201963	       1.0234424	       1.0161625	       1.0159625	       1.0127868	       1.0168917	       1.0224894	
   1.8219501e+08	       1.0259593	       1.0209718	       1.0220952	       1.0161839	       1.0146199	       1.0128642	       1.0228851	       1.0205192	
   1.8227501e+08	       1.0245778	       1.0217030	       1.0248062	       1.0148894	       1.0124134	       1.0111086	       1.0194199	       1.0173032	
   1.8235501e+08	       1.0118181	       1.0081266	       1.0132410	       1.0059786	      0.99999406	      0.99503582	       1.0106144	      0.99795595	
   1.8243501e+08	       0.0000000	       0.0000000	       0.0000000	       0.0000000	       0.0000000	       0.0000000	       0.0000000	       0.0000000	
   1.8251501e+08	       0.0000000	       0.0000000	       0.0000000	       0.0000000	       0.0000000	       0.0000000	       0.0000000	       0.0000000	
   1.8259501e+08	       1.0108803	       1.0062885	       1.0113972	       1.0033045	      0.99242911	      0.99226176	       1.0067734	       1.0012139	
   1.8267501e+08	       1.0297403	       1.0224393	       1.0279786	       1.0194286	       1.0079827	       1.0088903	       1.0253078	       1.0209722	
   1.8275501e+08	       1.0296785	       1.0186594	       1.0251219	       1.0190496	       1.0091245	       1.0088515	       1.0210967	       1.0134223	
   1.8283501e+08	       1.0281934	       1.0196888	       1.0238122	       1.0177898	       1.0084414	       1.0077508	       1.0190034	       1.0109209	
   1.8291501e+08	       1.0272591	       1.0186245	       1.0247437	       1.0172204	       1.0067373	       1.0078151	       1.0221069	       1.0152226	
   1.8299501e+08	       1.0287234	       1.0154648	       1.0227110	       1.0160001	       1.0077065	       1.0064450	       1.0142849	       1.0139412	
   1.8307501e+08	       1.0256526	       1.0170482	       1.0225217	       1.0140885	       1.0048569	       1.0048081	       1.0131490	       1.0096607	
   1.8315501e+08	       1.0271013	       1.0165095	       1.0241424	       1.0170378	       1.0038546	       1.0021807	       1.0152727	       1.0068165	
   1.8323501e+08	       1.0235105	       1.0152544	       1.0269776	       1.0179023	       1.0051069	       1.0015313	       1.0113497	       1.0056423	
   1.8331501e+08	       1.0221443	       1.0162001	       1.0314483	       1.0171916	       1.0039524	       1.0007103	       1.0122864	       1.0077186	
   1.8339501e+08	       1.0225325	       1.0172569	       1.0296679	       1.0169297	       1.0014375	      0.99984926	       1.0140843	       1.0081250	
   1.8347501e+08	       1.0233705	       1.0137189	       1.0283606	       1.0159629	       1.0037914	       1.0004094	       1.0072179	       1.0061596	
   1.8355501e+08	       1.0237380	       1.0174816	       1.0241391	       1.0134627	      0.99963224	      0.99682237	       1.0110204	       1.0033947	
   1.8363501e+08	       1.0102366	       1.0037402	       1.0077797	      0.99779193	      0.98715663	      0.98348643	      0.99926770	      0.98930699	
   1.8371501e+08	       0.0000000	       0.0000000	       0.0000000	       0.0000000	       0.0000000	       0.0000000	       0.0000000	       0.0000000	
   1.8379501e+08	       0.0000000	       0.0000000	       0.0000000	       0.0000000	       0.0000000	       0.0000000	       0.0000000	       0.0000000	
   1.8387501e+08	       1.0065679	       1.0018894	       1.0022380	      0.99773256	      0.98047240	      0.98232541	      0.99081769	      0.98900687	
   1.8395501e+08	       1.0252960	       1.0174613	       1.0212501	       1.0164922	      0.99783534	       1.0005272	       1.0118005	       1.0093481	
   1.8403501e+08	       1.0270649	       1.0186369	       1.0238864	       1.0163864	       1.0003094	      0.99735909	       1.0096330	       1.0063796	
   1.8411501e+08	       1.0245094	       1.0161579	       1.0234024	       1.0152177	      0.99969983	       1.0000992	       1.0114916	       1.0092684	
   1.8419501e+08	       1.0249536	       1.0162948	       1.0232576	       1.0161055	      0.99706403	      0.99936370	       1.0118846	       1.0061253	
   1.8427501e+08	       1.0234030	       1.0105375	       1.0252010	       1.0137579	      0.99924360	      0.99757127	       1.0057806	       1.0031720	
   1.8435501e+08	       1.0208397	       1.0117890	       1.0209000	       1.0134283	      0.99850708	      0.99616373	       1.0092001	       1.0039250	
   1.8443501e+08	       1.0198942	       1.0088958	       1.0189599	       1.0135619	      0.99682384	      0.99470116	       1.0119957	       1.0029926	
   1.8451501e+08	       1.0228681	       1.0088917	       1.0165877	       1.0104227	      0.99671818	      0.99328668	       1.0102574	       1.0022169	
   1.8459501e+08	       1.0194414	       1.0068197	       1.0178055	       1.0086966	      0.99840345	      0.99512148	       1.0058376	       1.0011452	
   1.8467501e+08	       1.0154785	       1.0100529	       1.0150816	       1.0103346	      0.99902254	      0.99158558	       1.0049854	      0.99645100	
   1.8475501e+08	       1.0190404	       1.0100312	       1.0165726	       1.0099974	      0.99618347	      0.99147436	       1.0028337	      0.99578112	
   1.8483501e+08	       1.0181747	       1.0098180	       1.0196913	       1.0078915	      0.99687255	      0.98899388	      0.99874210	      0.99372969	
   1.8491501e+08	       1.0046952	      0.99585103	       1.0057977	      0.99448900	      0.98673937	      0.97298438	      0.98418730	      0.97705389	
   1.8499501e+08	       0.0000000	       0.0000000	       0.0000000	       0.0000000	       0.0000000	       0.0000000	       0.0000000	       0.0000000	
   1.8507501e+08	       0.0000000	       0.0000000	       0.0000000	       0.0000000	       0.0000000	       0.0000000	       0.0000000	       0.0000000	
   1.8515501e+08	       1.0061201	      0.99889076	      0.99627455	      0.99101869	      0.97572642	      0.97112354	      0.97549608	      0.97199120	
   1.8523501e+08	       1.0207774	       1.0141287	       1.0111428	       1.0048275	      0.99273595	      0.98846266	      0.98926103	      0.99325106	
   1.8531501e+08	       1.0182299	       1.0142277	       1.0084531	       1.0038967	      0.99447285	      0.98662283	      0.99676184	      0.99102860	
   1.8539501e+08	       1.0183051	       1.0094716	       1.0088618	       1.0030928	      0.99174695	      0.98678115	      0.99142612	      0.99091964	
   1.8547501e+08	       1.0176763	       1.0075511	       1.0106393	       1.0043447	      0.98800651	      0.98208736	      0.99696115	      0.98350977	
   1.8555501e+08	       1.0143442	       1.0031165	       1.0112440	       1.0055783	      0.98503788	      0.97958146	      0.98943188	      0.98173791	
   1.8563501e+08	       1.0105386	       1.0027510	       1.0145233	       1.0035409	      0.98756635	      0.98005611	      0.98749960	      0.98133286	
   1.8571501e+08	       1.0090509	       1.0002777	       1.0192655	       1.0031940	      0.98777035	      0.98126771	      0.98727986	      0.98152676	
   1.8579501e+08	       1.0064953	      0.99783916	       1.0116348	       1.0022896	      0.98650504	      0.97700725	      0.98726444	      0.97733806	
   1.8587501e+08	       1.0072078	      0.99798481	       1.0084372	       1.0008939	      0.98470253	      0.97560815	      0.98404577	      0.97309335	
   1.8595501e+08	       1.0045812	      0.99594751	       1.0055305	      0.99576634	      0.98508619	      0.97555580	      0.98285232	      0.97685772	
   1.8603501e+08	       1.0050018	      0.99943765	       1.0015431	      0.99630974	      0.98451196	      0.97559802	      0.98161709	      0.97294162	
   1.8611501e+08	       1.0020905	      0.99650291	      0.99827055	      0.99394404	      0.98230334	      0.97291790	      0.98151609	      0.97296719	
   1.8619501e+08	      0.98861305	      0.98505448	      0.98530982	      0.97852581	      0.96724946	      0.95956049	      0.96831568	      0.95793675	
   1.8627501e+08	       0.0000000	       0.0000000	       0.0000000	       0.0000000	       0.0000000	       0.0000000	       0.0000000	       0.0000000	
   1.8635501e+08	       0.0000000	       0.0000000	       0.0000000	       0.0000000	       0.0000000	       0.0000000	       0.0000000	       0.0000000	
   1.8643501e+08	      0.98643058	      0.98618799	      0.98559394	      0.97911679	      0.96498451	      0.95808646	      0.96005650	      0.96073485	
   1.8651501e+08	       1.0044850	       1.0030431	       1.0035940	      0.99691475	      0.97810980	      0.97174813	      0.98061375	      0.97878180	
   1.8659501e+08	       1.0047489	       1.0024804	       1.0025286	      0.99560779	      0.98039947	      0.96954852	      0.98199828	      0.97855484	
   1.8667501e+08	       1.0069026	      0.99783052	      0.99994692	      0.99567480	      0.97392836	      0.97033676	      0.98154505	      0.97651306	
   1.8675501e+08	       1.0019903	      0.99413430	      0.99776247	      0.99299072	      0.97472997	      0.96620044	      0.98314700	      0.97511771	
   1.8683501e+08	       1.0014024	      0.99061664	      0.99524466	      0.98955864	      0.97378988	      0.96874003	      0.97650828	      0.97036887	
   1.8691501e+08	       1.0015301	      0.99164112	      0.99274444	      0.98819800	      0.97216548	      0.96252745	      0.97989462	      0.97357376	
   1.8699501e+08	      0.99440521	      0.98784191	      0.99119237	      0.98482772	      0.97169934	      0.96294946	      0.98380781	      0.97037259	
   1.8707501e+08	      0.99307164	      0.98586092	      0.99044681	      0.98565675	      0.97027698	      0.96091555	      0.97422858	      0.97093882	
   1.8715501e+08	      0.99360101	      0.98708148	      0.99381413	      0.98314124	      0.96950732	      0.95842143	      0.97678705	      0.97037440	
   1.8723501e+08	      0.99279832	      0.98356897	      0.99463551	      0.98285282	      0.96908427	      0.95874692	      0.97505733	      0.96662521	
   1.8731501e+08	      0.98953125	      0.98388843	      0.99560750	      0.98198046	      0.96701123	      0.95619064	      0.97230561	      0.96739561	
   1.8739501e+08	      0.98654529	      0.98416395	      0.99325354	      0.97787281	      0.96709995	      0.95409630	      0.96760769	      0.95634009	
   1.8747501e+08	      0.97626171	      0.96833170	      0.97650616	      0.96329683	      0.95321833	      0.94043008	      0.95130684	      0.93858091	
   1.8755501e+08	       0.0000000	       0.0000000	       0.0000000	       0.0000000	       0.0000000	       0.0000000	       0.0000000	       0.0000000	
   1.8763501e+08	       0.0000000	       0.0000000	       0.0000000	       0.0000000	       0.0000000	       0.0000000	       0.0000000	       0.0000000	
   1.8771501e+08	      0.93849781	      0.93160515	      0.91057528	      0.90539946	      0.91728873	      0.90770463	      0.90401364	      0.90080619	
   1.8779501e+08	      0.93672896	      0.92723605	      0.90684203	      0.89946169	      0.91742270	      0.90633034	      0.90075482	      0.89784620	
   1.8787501e+08	      0.93013550	      0.92091497	      0.89883672	      0.89396579	      0.91039059	      0.89933438	      0.89483035	      0.88770799	
   1.8795501e+08	      0.92826251	      0.92095518	      0.89906205	      0.89151879	      0.90825879	      0.89685553	      0.89606773	      0.88971798	
   1.8803501e+08	      0.92707446	      0.91618653	      0.90223297	      0.89221902	      0.90779888	      0.89433192	      0.89651933	      0.88625406	
   1.8811501e+08	      0.92284925	      0.91432785	      0.90034684	      0.89207470	      0.90306562	      0.89321592	      0.89043406	      0.88366367	
   1.8819501e+08	      0.92420708	      0.91029527	      0.90010215	      0.89098846	      0.90279313	      0.89241913	      0.89087964	      0.87998415	
   1.8827501e+08	      0.92295681	      0.90935679	      0.89774347	      0.89064622	      0.90250003	      0.89157046	      0.89344849	      0.87864650	
   1.8835501e+08	      0.92150603	      0.90907694	      0.89552543	      0.88592897	      0.89923535	      0.88904711	      0.89276842	      0.88338824	
   1.8843501e+08	      0.91829397	      0.90750072	      0.88939147	      0.88435932	      0.89903947	      0.88911502	      0.89037673	      0.87931563	
   1.8851501e+08	      0.91644310	      0.90585181	      0.88987228	      0.88439630	      0.89831821	      0.88536026	      0.88791821	      0.87814620	
   1.8859501e+08	      0.91268132	      0.90715233	      0.88820306	      0.88172408	      0.89619251	      0.88531843	      0.88761348	      0.87980592	
   1.8867501e+08	      0.91787642	      0.91128654	      0.89286575	      0.88762697	      0.89801054	      0.88769425	      0.89620683	      0.88440293	
   1.8875501e+08	      0.92345828	      0.91611273	      0.89927133	      0.89098015	      0.89619414	      0.88708704	      0.88775775	      0.88428952	
   1.8883501e+08	       0.0000000	       0.0000000	       0.0000000	       0.0000000	       0.0000000	       0.0000000	       0.0000000	       0.0000000	
   1.8891501e+08	       0.0000000	       0.0000000	       0.0000000	       0.0000000	       0.0000000	       0.0000000	       0.0000000	       0.0000000	
   1.8899501e+08	      0.92186055	      0.92316374	      0.90410096	      0.89988162	      0.89500419	      0.89483155	      0.88941331	      0.88687220	
   1.8907501e+08	      0.92375553	      0.92112772	      0.89921571	      0.89761083	      0.89656539	      0.89271685	      0.89167252	      0.88827846	
   1.8915501e+08	      0.91904180	      0.91373129	      0.89184744	      0.89175362	      0.89254171	      0.88648341	      0.88633879	      0.88439067	
   1.8923501e+08	      0.91796480	      0.91308881	      0.88954694	      0.88688883	      0.88999183	      0.88571209	      0.88082193	      0.88429611	
   1.8931501e+08	      0.91420471	      0.91041596	      0.88737606	      0.88442497	      0.88979425	      0.88472662	      0.88610738	      0.88047692	
   1.8939501e+08	      0.91656857	      0.90930595	      0.88498029	      0.88171898	      0.88744983	      0.88193814	      0.88455171	      0.88309605	
   1.8947501e+08	      0.91495232	      0.90575665	      0.88473917	      0.88208675	      0.88693968	      0.88154276	      0.88282758	      0.87862045	
   1.8955501e+08	      0.91485197	      0.90169561	      0.88723587	      0.88167917	      0.88541185	      0.88391286	      0.88622362	      0.88210171	
   1.8963501e+08	      0.91038897	      0.90053010	      0.88546535	      0.87897385	      0.88500401	      0.87971495	      0.88076117	      0.87985571	
   1.8971501e+08	      0.90770463	      0.90087808	      0.88589614	      0.87712787	      0.88507016	      0.87707832	      0.87696239	      0.88075517	
   1.8979501e+08	      0.90809793	      0.90112975	      0.88357418	      0.87666459	      0.88342718	      0.87568403	      0.87710765	      0.87869878	
   1.8987501e+08	      0.90524962	      0.90006539	      0.88265441	      0.87521104	      0.88120413	      0.87641640	      0.87572302	      0.87144666	
   1.8995501e+08	      0.90722859	      0.90259294	      0.88679690	      0.87719558	      0.88637636	      0.88041338	      0.88344070	      0.88031331	
   1.9003501e+08	      0.90843318	      0.90681466	      0.88659604	      0.88123936	      0.88205018	      0.87535336	      0.88164911	      0.87908435	
   1.9011501e+08	       0.0000000	       0.0000000	       0.0000000	       0.0000000	       0.0000000	       0.0000000	       0.0000000	       0.0000000	
   1.9019501e+08	       0.0000000	       0.0000000	       0.0000000	       0.0000000	       0.0000000	       0.0000000	       0.0000000	       0.0000000	
   1.9027501e+08	      0.90850718	      0.91971168	      0.88804903	      0.89379728	      0.88025206	      0.88806750	      0.88349569	      0.88789084	
   1.9035501e+08	      0.91016034	      0.92195360	      0.88520547	      0.89397384	      0.88217388	      0.89085315	      0.88358094	      0.88884991	
   1.9043501e+08	      0.90584440	      0.91330090	      0.88191581	      0.88857910	      0.87914562	      0.88223168	      0.87584781	      0.88616925	
   1.9051501e+08	      0.90686354	      0.91235883	      0.88076240	      0.88915056	      0.87912299	      0.88404346	      0.87239132	      0.88018032	
   1.9059501e+08	      0.90586179	      0.91152357	      0.88072028	      0.88690256	      0.87589578	      0.87920730	      0.87732398	      0.88200080	
   1.9067501e+08	      0.90127609	      0.90810242	      0.87958790	      0.88477233	      0.87385940	      0.87911956	      0.87702002	      0.87452281	
   1.9075501e+08	      0.90376917	      0.90446033	      0.87774630	      0.88170330	      0.87227065	      0.87615050	      0.87139689	      0.88147648	
   1.9083501e+08	      0.89894631	      0.90320083	      0.87024261	      0.87777111	      0.87216905	      0.87618811	      0.87351927	      0.87692090	
   1.9091501e+08	      0.89686231	      0.90050133	      0.87219779	      0.88130661	      0.87101717	      0.87529965	      0.86820418	      0.87469532	
   1.9099501e+08	      0.89777236	      0.90058892	      0.87176107	      0.87867386	      0.86851938	      0.87290332	      0.86571558	      0.87678348	
   1.9107501e+08	      0.89432727	      0.89812653	      0.87168284	      0.87658975	      0.86898094	      0.87137587	      0.87214419	      0.87378299	
   1.9115501e+08	      0.89410745	      0.89708882	      0.86986980	      0.87870122	      0.87027765	      0.86904165	      0.86649546	      0.87351241	
   1.9123501e+08	      0.89547914	      0.90195433	      0.87604217	      0.88209148	      0.87037323	      0.87099817	      0.87099044	      0.87774171	
   1.9131501e+08	      0.89560785	      0.90217569	      0.87991598	      0.88568449	      0.86927321	      0.86984298	      0.86907430	      0.86955342	
   1.9139501e+08	       0.0000000	       0.0000000	       0.0000000	       0.0000000	       0.0000000	       0.0000000	       0.0000000	       0.0000000	
   1.9147501e+08	       0.0000000	       0.0000000	       0.0000000	       0.0000000	       0.0000000	       0.0000000	       0.0000000	       0.0000000	
   1.9155501e+08	      0.89671974	      0.90960321	      0.87749990	      0.89053399	      0.86491499	      0.87506911	      0.87125892	      0.88073011	
   1.9163501e+08	      0.89645303	      0.91046897	      0.87446907	      0.88677024	      0.87084516	      0.87863851	      0.87273228	      0.88630004	
   1.9171501e+08	      0.89303090	      0.90604128	      0.86597164	      0.87868180	      0.86456731	      0.87298127	      0.86924118	      0.87345129	
   1.9179501e+08	      0.89336104	      0.90221661	      0.86758167	      0.87767047	      0.86605783	      0.87139375	      0.86372970	      0.87756047	
   1.9187501e+08	      0.89454084	      0.90152584	      0.86587499	      0.87804888	      0.86497384	      0.87283080	      0.86113825	      0.87148651	
   1.9195501e+08	      0.89568929	      0.90141151	      0.86402892	      0.87693008	      0.86273824	      0.87030430	      0.86424495	      0.87217935	
   1.9203501e+08	      0.89106017	      0.89805053	      0.86647072	      0.87643877	      0.86378346	      0.86965133	      0.85987328	      0.87463407	
   1.9211501e+08	      0.89038207	      0.89432037	      0.86731363	      0.87800080	      0.86348865	      0.87045895	      0.85900053	      0.87089099	
   1.9219501e+08	      0.89226487	      0.89294458	      0.86754722	      0.87491517	      0.86136495	      0.86626946	      0.85926142	      0.86597789	
   1.9227501e+08	      0.88653443	      0.89222627	      0.86756788	      0.87481786	      0.86123025	      0.86850120	      0.85481010	      0.86678965	
   1.9235501e+08	      0.88800261	      0.89167272	      0.86354143	      0.87155953	      0.86084278	      0.86385341	      0.85318305	      0.86476650	
   1.9243501e+08	      0.88322946	      0.89113124	      0.86197506	      0.87416303	      0.85856793	      0.86340973	      0.85674585	      0.86658976	
   1.9251501e+08	      0.88767395	      0.89440392	      0.86550781	      0.87359647	      0.85977828	      0.86660758	      0.86020090	      0.86866253	
   1.9259501e+08	      0.88901543	      0.89414053	      0.86572172	      0.87696765	      0.85763642	      0.86379233	      0.85333891	      0.86705611	
   1.9267501e+08	       0.0000000	       0.0000000	       0.0000000	       0.0000000	       0.0000000	       0.0000000	       0.0000000	       0.0000000	
   1.9275501e+08	       0.0000000	       0.0000000	       0.0000000	       0.0000000	       0.0000000	       0.0000000	       0.0000000	       0.0000000	
   1.9283501e+08	      0.88925124	      0.90642953	      0.87146191	      0.88218481	      0.85741465	      0.86834468	      0.85550553	      0.87225454	
   1.9291501e+08	      0.89415409	      0.91028401	      0.87176785	      0.88560640	      0.86121511	      0.87322436	      0.85802340	      0.87014602	
   1.9299501e+08	      0.89424749	      0.90432228	      0.86530243	      0.87729979	      0.85613627	      0.86691801	      0.85349298	      0.86751073	
   1.9307501e+08	      0.89171814	      0.90614903	      0.86624366	      0.87781545	      0.85523966	      0.86564255	      0.85352471	      0.86611285	
   1.9315501e+08	      0.89128710	      0.89980593	      0.86118150	      0.87695990	      0.85464199	      0.86539096	      0.85194301	      0.87057821	
   1.9323501e+08	      0.88810244	      0.89770308	      0.86075300	      0.87431225	      0.85412635	      0.86411847	      0.84970034	      0.86861226	
   1.9331501e+08	      0.88701580	      0.89663663	      0.86012717	      0.87421324	      0.85341614	      0.86510870	      0.85188010	      0.86000475	
   1.9339501e+08	      0.88523465	      0.89386543	      0.85952742	      0.87418744	      0.85436777	      0.86342977	      0.85813729	      0.86123008	
   1.9347501e+08	      0.87949680	      0.88871140	      0.86119332	      0.87231222	      0.85099159	      0.86318183	      0.85549806	      0.86332474	
   1.9355501e+08	      0.88042607	      0.88895570	      0.85765994	      0.87330843	      0.85174400	      0.86242284	      0.85110845	      0.86482608	
   1.9363501e+08	      0.88165495	      0.88767861	      0.86332044	      0.87206986	      0.85144707	      0.86290150	      0.85290846	      0.86276599	
   1.9371501e+08	      0.87713759	      0.88698131	      0.86317944	      0.87146209	      0.84974990	      0.86185193	      0.85198109	      0.86053747	
   1.9379501e+08	      0.88192040	      0.88816378	      0.86774780	      0.87384000	      0.85272915	      0.86320212	      0.85384156	      0.86364970	
   1.9387501e+08	      0.88158298	      0.88922940	      0.86678741	      0.87884278	      0.85204020	      0.85927999	      0.85845711	      0.85732440	
   1.9395501e+08	       0.0000000	       0.0000000	       0.0000000	       0.0000000	       0.0000000	       0.0000000	       0.0000000	       0.0000000	
   1.9403501e+08	       0.0000000	       0.0000000	       0.0000000	       0.0000000	       0.0000000	       0.0000000	       0.0000000	       0.0000000	
   1.9411501e+08	      0.88290143	      0.90185168	      0.86576683	      0.88326384	      0.85083376	      0.87003910	      0.85757198	      0.86396291	
   1.9419501e+08	      0.88859290	      0.90511278	      0.86532311	      0.88284787	      0.85632138	      0.87224878	      0.85303291	      0.86958536	
   1.9427501e+08	      0.88265156	      0.90288571	      0.86177229	      0.87973558	      0.85267757	      0.86944406	      0.85373493	      0.86813999	
   1.9435501e+08	      0.88438640	      0.89741801	      0.86116523	      0.87976227	      0.85194583	      0.86748647	      0.85380101	      0.86544123	
   1.9443501e+08	      0.88231395	      0.89842026	      0.86095147	      0.87859332	      0.84972046	      0.86666190	      0.85480143	      0.86866368	
   1.9451501e+08	      0.88458976	      0.89531555	      0.86100212	      0.87744849	      0.85109678	      0.86623582	      0.84697025	      0.86438274	
   1.9459501e+08	      0.88219037	      0.89394893	      0.86208492	      0.87727142	      0.85053400	      0.86573427	      0.85356850	      0.86016703	
   1.9467501e+08	      0.88133720	      0.89155856	      0.86033020	      0.87492397	      0.85272366	      0.86526592	      0.85039621	      0.86614050	
   1.9475501e+08	      0.87795256	      0.88741522	      0.85746453	      0.87325373	      0.85012701	      0.86416687	      0.84488410	      0.86470435	
   1.9483501e+08	      0.87785025	      0.88667818	      0.85578026	      0.87440932	      0.85078508	      0.86104737	      0.84602902	      0.86078788	
   1.9491501e+08	      0.87517127	      0.88630347	      0.85464601	      0.87204367	      0.85020888	      0.86163301	      0.84192912	      0.85407065	
   1.9499501e+08	      0.87279678	      0.88248675	      0.85302264	      0.86798462	      0.84951284	      0.86039429	      0.84167037	      0.85437438	
   1.9507501e+08	      0.87348516	      0.88680373	      0.85803623	      0.87178047	      0.84932399	      0.86144875	      0.84844266	      0.86024673	
   1.9515501e+08	      0.87091904	      0.88505872	      0.86400683	      0.87301692	      0.84698008	      0.85709402	      0.84077123	      0.85886767	
   1.9523501e+08	       0.0000000	       0.0000000	       0.0000000	       0.0000000	       0.0000000	       0.0000000	       0.0000000	       0.0000000	
   1.9531501e+08	       0.0000000	       0.0000000	       0.0000000	       0.0000000	       0.0000000	       0.0000000	       0.0000000	       0.0000000	
   1.9539501e+08	      0.87335910	      0.90086549	      0.86326816	      0.88320526	      0.84734769	      0.86419935	      0.84192024	      0.86388235	
   1.9547501e+08	      0.87907322	      0.90476850	      0.86509437	      0.88110473	      0.85205515	      0.87049111	      0.84896190	      0.86507536	
   1.9555501e+08	      0.87667840	      0.90090584	      0.85818813	      0.87848876	      0.84768494	      0.86705585	      0.84060688	      0.86619697	
   1.9563501e+08	      0.87669991	      0.89835304	      0.85682714	      0.87557488	      0.84651002	      0.86442983	      0.84065452	      0.86121501	
   1.9571501e+08	      0.87261608	      0.90111091	      0.85555144	      0.87643738	      0.84727090	      0.86421034	      0.84092472	      0.85500378	
   1.9579501e+08	      0.87178917	      0.89501279	      0.85456868	      0.87260266	      0.84560631	      0.86167101	      0.83808688	      0.85974625	
   1.9587501e+08	      0.87231995	      0.89198754	      0.85367493	      0.87241334	      0.84405921	      0.86002214	      0.83776213	      0.85492441	
   1.9595501e+08	      0.87215472	      0.89183222	      0.85547480	      0.87442061	      0.84588762	      0.85876988	      0.83477434	      0.85367782	
   1.9603501e+08	      0.87427416	      0.88666090	      0.85819987	      0.87421469	      0.84242390	      0.85813352	      0.83558161	      0.85499668	
   1.9611501e+08	      0.86991180	      0.88689139	      0.85734425	      0.87094401	      0.84117730	      0.85542196	      0.83724815	      0.85441100	
   1.9619501e+08	      0.86771507	      0.88443206	      0.85751538	      0.87055570	      0.83952248	      0.85475574	      0.83829450	      0.85473046	
   1.9627501e+08	      0.86535015	      0.88329383	      0.85684211	      0.87009400	      0.83933864	      0.85438759	      0.83768859	      0.85283573	
   1.9635501e+08	      0.86734278	      0.88559868	      0.85827450	      0.87405740	      0.84093720	      0.85458476	      0.84189467	      0.85286761	
   1.9643501e+08	      0.86374022	      0.88559549	      0.85530497	      0.87335977	      0.83712560	      0.85020121	      0.83548180	      0.85347895	
   1.9651501e+08	       0.0000000	       0.0000000	       0.0000000	       0.0000000	       0.0000000	       0.0000000	       0.0000000	       0.0000000	
   1.9659501e+08	       0.0000000	       0.0000000	       0.0000000	       0.0000000	       0.0000000	       0.0000000	       0.0000000	       0.0000000	
   1.9667501e+08	      0.86888886	      0.89758573	      0.85684987	      0.88050749	      0.83253469	      0.85653137	      0.83749106	      0.85857265	
   1.9675501e+08	      0.87034571	      0.90047294	      0.86101851	      0.88417492	      0.83924092	      0.86210031	      0.83941144	      0.86035978	
   1.9683501e+08	      0.86825286	      0.89713828	      0.85513700	      0.87926761	      0.83655901	      0.85637866	      0.83361671	      0.86023317	
   1.9691501e+08	      0.86503568	      0.89641987	      0.85450819	      0.87591595	      0.83283506	      0.85578034	      0.83904963	      0.85801272	
   1.9699501e+08	      0.86517142	      0.89355597	      0.85392446	      0.87761773	      0.83039015	      0.85558810	      0.84160034	      0.85914320	
   1.9707501e+08	      0.86213296	      0.89249768	      0.84996377	      0.87326241	      0.83208971	      0.85407610	      0.83722220	      0.85720378	
   1.9715501e+08	      0.86317593	      0.88890211	      0.84551028	      0.87037791	      0.83132795	      0.85244394	      0.83870374	      0.85841612	
   1.9723501e+08	      0.86319899	      0.88457559	      0.84402028	      0.86863383	      0.82972725	      0.85183828	      0.83812068	      0.85453787	
   1.9731501e+08	      0.86120551	      0.88519530	      0.84321210	      0.86560248	      0.82845565	      0.84843399	      0.83207942	      0.85222632	
   1.9739501e+08	      0.85872004	      0.88194051	      0.84126727	      0.86906040	      0.82767855	      0.84648150	      0.83165699	      0.85132239	
   1.9747501e+08	      0.85847788	      0.87802944	      0.84223845	      0.86679361	      0.82687831	      0.84687968	      0.83156222	      0.84885685	
   1.9755501e+08	      0.85547803	      0.87970822	      0.84099261	      0.86464848	      0.82588477	      0.84750862	      0.82897743	      0.85109275	
   1.9763501e+08	      0.85632948	      0.87856944	      0.84685541	      0.86991847	      0.82734795	      0.84954492	      0.83379761	      0.84734491	
   1.9771501e+08	      0.84948639	      0.87850973	      0.84729500	      0.87001186	      0.82326710	      0.84221454	      0.82364177	      0.84409511	
   1.9779501e+08	       0.0000000	       0.0000000	       0.0000000	       0.0000000	       0.0000000	       0.0000000	       0.0000000	       0.0000000	
