2061311664
2061311784
2061311904
2061312032
2061312152
2061312272
2061312392
2061312520
2061312640
2061312760
2061312880
2061313008
2061313128
2061313248
2061313368
2061313496
2061313616
2061313736
2061313856
2061313984
2061314104
2061314224
2061314344
2061314472
2061314592
2061314712
2061314832
2061314960
2061315080
2061315200
2061315320
2061315448
2061315568
2061315688
2061315808
2061315936
2061316056
2061316176
2061316296
2061316424
2061316544
2061316664
2061316784
2061316912
2061317032
2061317152
2061317272
2061317400
2061317520
2061317640
2061317760
2061317888
2061318008
2061318128
2061318248
2061318376
2061318496
2061318616
2061318736
2061318864
2061318984
2061319104
2061319224
2061319352
2061319472
2061319592
2061319712
2061319840
2061319960
2061320080
2061320200
2061320328
2061320448
2061320568
2061320688
2061320816
2061320936
2061321056
2061321176
2061321304
2061321424
2061321544
2061321664
2061321792
2061321912
2061322032
2061322152
2061322280
2061322400
2061322520
2061322640
2061322768
2061322888
2061323008
