1163416616
1163416728
1163416840
1163416952
1163417064
1163417176
1163417288
1163417400
1163417512
1163417624
1163417736
1163417848
1163418072
1163418184
1163418296
1163418408
1163418520
1163418632
1163418744
1163418856
1163418968
1163419080
1163419192
1163419304
1163419416
1163419528
1163419640
1163419752
1163419864
1163419976
1163420088
1163420200
1163420312
1163420424
1163420536
1163420648
1163420760
1163420872
1163420984
1163421096
1163421208
1163421320
1163421432
1163421544
1163421656
1163421768
1163421880
1163421992
1163422104
1163422216
1163422328
1163422440
1163422552
1163422664
1163422776
1163422888
1163423000
1163423112
1163423224
1163423336
1163423448
1163423560
1163423672
1163423784
1163423896
1163424008
1163424120
1163424232
1163424344
1163589504
1163589616
1163589728
1163589840
1163589952
1163590064
1163590176
1163590288
1163590400
1163590512
1163590624
1163590736
1163590848
1163590960
1163591072
1163591184
1163591296
1163591408
1163591520
1163591632
1163591744
1163591856
1163591968
1163592080
1163592192
1163592304
1163592416
1163592528
1163592640
1163592752
1163592864
1163592976
1163593088
1163593200
1163593312
1163593424
1163593536
1163593648
1163593760
1163593872
1163593984
1163594096
1163594208
1163594320
1163594992
1163595104
1163595216
1163595328
1163595440
1163595552
1163762392
1163762504
1163762616
1163762728
1163762840
1163762952
1163763064
1163763176
1163763288
1163763400
1163763512
1163763624
1163763736
1163763848
1163763960
1163764072
1163764184
1163764296
1163764408
1163764520
1163764632
1163764744
1163764856
1163764968
1163765080
1163765192
1163765304
1163765416
1163765528
1163765640
1163765752
1163765864
1163765976
1163766088
1163766200
1163766312
1163766424
1163766536
1163766648
1163766760
1163766872
1163766984
1163767096
1163767208
1163767320
1163767432
1163767544
1163767656
1163767768
1163767880
1163767992
1163768104
1163768216
1163768328
1163768440
1163768552
1163768664
1163768776
1163768888
1163769000
