1160572704
1160572824
1160572944
1160573064
1160573184
1160573312
1160573432
1160573552
1160573672
1160573800
1160573920
1160574040
1160574160
1160574288
1160574408
1160574528
1160574656
1160574776
1160575136
1160575264
1160575384
1160575752
1160575872
1160575992
1160576112
1160576240
1160576360
1160576480
1160576600
1160576728
1160576848
1160576968
1160577096
1160577216
1160577336
1160577456
1160577584
1160577704
1160577824
1160577944
1160578072
1160578192
1160578312
1160578432
1160578552
1160578680
1160578800
1160578920
1160579048
1160579168
1160579288
1160579408
1160579536
1160579656
1160579776
1160579896
1160580016
1160580144
1160580264
1160580384
1160580504
1160580632
1160580752
1160580872
1160745024
1160745152
1160745272
1160745392
1160745520
1160745640
1160745760
1160745880
1160746008
1160746128
1160746248
1160746368
1160746496
1160746616
1160746856
1160746976
1160747104
1160747224
1160747344
1160747472
1160747592
1160747712
1160747832
1160747952
1160748080
1160748200
1160748320
1160748440
1160748568
1160748688
1160748808
1160748928
1160749056
1160749176
1160749296
1160749416
1160749544
1160749664
1160749784
1160749912
1160750032
1160750152
1160750272
1160750392
1160750520
1160750640
1160750760
1160750880
1160751008
1160751128
1160751248
1160751368
1160751496
1160751616
1160751736
1160751856
1160751984
1160752104
1160752224
1160752344
1160752712
1160752840
1160753080
1160753200
1160917352
1160917480
1160917600
1160917720
1160917840
1160918088
1160918208
1160918336
1160918456
1160918576
1160918696
1160918816
1160918944
1160919064
1160919184
1160919304
1160919672
1160919792
1160919920
1160920040
1160920160
1160920280
1160920408
1160920528
1160920648
1160920768
1160921016
1160921136
1160921264
1160921384
1160921504
1160921624
1160921752
1160921872
1160921992
1160922112
1160922232
1160922360
1160922480
1160922600
1160922728
1160922848
1160922968
1160923088
1160923216
1160923336
1160923456
1160923576
1160923704
1160923824
1160923944
1160924064
1160924184
1160924312
1160924432
1160924552
1160924672
1160924800
1160924920
1160925040
1160925160
1160925288
1161090048
1161090176
1161090296
1161090416
1161090536
1161090664
1161090784
1161090904
1161091024
1161091272
1161091392
1161091512
