1161091640
1161091760
1161091880
1161092128
1161092248
1161092368
1161092488
1161092616
1161092736
1161093104
1161093224
1161093344
1161093464
1161093592
1161093712
1161093832
1161093952
1161094080
1161094200
1161094320
1161094440
1161094568
1161094688
1161094808
1161094928
1161095056
1161095176
1161095296
1161095416
1161095664
1161095784
1161095904
1161096032
1161096152
1161096272
1161096392
1161096520
1161096640
1161096760
1161096880
1161097008
1161097128
1161097248
1161097368
1161097496
1161097616
1161097736
1161097856
1161175848
1161175968
1161176096
1161176216
1161176336
1161176456
1161176584
1161176704
1161176824
1161176944
1161177072
1161177192
1161177312
1161177432
1161177560
1161177680
1161177800
1161177920
1161178048
1161178168
1161178288
1161178408
1161178536
1161178656
1161178776
1161178896
1161179024
1161179144
1161179264
1161179752
1161180000
1161180120
1161180240
1161180360
1161180488
1161180608
1161180728
1161180848
1161180976
1161181216
1161181336
1161181464
1161181584
1161181704
1161181824
1161181952
1161182072
1161182192
1161182312
1161182440
1161182560
1161182680
1161182800
1161182928
1161183048
1161183168
1161183288
1161183416
1161183536
1161183656
1161183776
1161183904
1161184024
1161520480
1161520600
1161520720
1161520848
1161520968
1161521088
1161521208
1161521336
1161521456
1161521576
1161521696
1161521824
1161521944
1161522064
1161522184
1161522312
1161522432
1161522552
1161522672
1161522800
1161523160
1161523288
1161523408
1161523528
1161523648
1161523776
1161523896
1161524016
1161524136
1161524264
1161524384
1161524504
1161524624
1161524752
1161524872
1161524992
1161525112
1161525240
1161525360
1161525480
1161526216
1161526336
1161526456
1161526576
1161526704
1161526824
1161526944
1161527064
1161527192
1161527312
1161527432
1161527552
1161527680
1161527800
1161527920
1161528040
1161528168
1161528288
1161528408
1161528528
1161528656
1161693048
1161693176
1161693296
1161693416
1161693536
1161693784
1161693904
1161694024
1161694152
1161694272
1161694392
1161694512
1161694640
1161694880
1161695000
1161695128
1161695248
1161695368
1161695488
1161695616
1161695736
1161695856
1161695976
1161696104
1161696224
1161696344
1161696464
1161696592
