1163762392
1163762504
1163762616
1163762728
1163762840
1163762952
1163763064
1163763176
1163763288
1163763400
1163763512
1163763624
1163763736
1163763848
1163763960
1163764072
1163764184
1163764296
1163764408
1163764520
1163764632
1163764744
1163764856
1163764968
1163765080
1163765192
1163765304
1163765416
1163765528
1163765640
1163765752
1163765864
1163765976
1163766088
1163766200
1163766312
1163766424
1163766536
1163766648
1163766760
1163766872
1163766984
1163767096
1163767208
1163767320
1163767432
1163767544
1163767656
1163767768
1163767880
1163767992
1163768104
1163768216
1163768328
1163768440
1163768552
1163768664
1163768776
1163768888
1163769000
